datetime,count
2011-01-20 00:00:00,13.896491562497962
2011-01-20 01:00:00,5.601858933900942
2011-01-20 02:00:00,3.1034803738082397
2011-01-20 03:00:00,1.837174997152299
2011-01-20 04:00:00,1.7472614813811904
2011-01-20 05:00:00,6.7366448322382855
2011-01-20 06:00:00,33.72289481424297
2011-01-20 07:00:00,110.20572317568227
2011-01-20 08:00:00,248.00835225898385
2011-01-20 09:00:00,128.08175726452708
2011-01-20 10:00:00,54.665404073629695
2011-01-20 11:00:00,64.1224631474047
2011-01-20 12:00:00,81.38431831729056
2011-01-20 13:00:00,75.06146407386555
2011-01-20 14:00:00,72.24404450379937
2011-01-20 15:00:00,79.84253142490063
2011-01-20 16:00:00,90.82501571220725
2011-01-20 17:00:00,179.4315141030836
2011-01-20 18:00:00,156.72494804067338
2011-01-20 19:00:00,116.07707799982252
2011-01-20 20:00:00,72.91320856420111
2011-01-20 21:00:00,63.07840829011036
2011-01-20 22:00:00,38.51125559631005
2011-01-20 23:00:00,26.661522189803588
2011-01-21 00:00:00,15.084841896466106
2011-01-21 01:00:00,7.361842774619808
2011-01-21 02:00:00,3.786032845280541
2011-01-21 03:00:00,1.3838317042426755
2011-01-21 04:00:00,1.6799314368543832
2011-01-21 05:00:00,4.6015160191886935
2011-01-21 06:00:00,26.89611609000796
2011-01-21 07:00:00,90.16741691913678
2011-01-21 08:00:00,186.43786368852201
2011-01-21 09:00:00,123.51466733313131
2011-01-21 10:00:00,46.10189105549307
2011-01-21 11:00:00,60.96160583140738
2011-01-21 12:00:00,65.80799018322601
2011-01-21 13:00:00,57.23388917083115
2011-01-21 14:00:00,56.47805697132578
2011-01-21 15:00:00,60.669277636131575
2011-01-21 16:00:00,81.60189312078023
2011-01-21 17:00:00,139.14620940113352
2011-01-21 18:00:00,118.17008520728339
2011-01-21 19:00:00,75.71208156463872
2011-01-21 20:00:00,51.447270395653355
2011-01-21 21:00:00,43.1250888128425
2011-01-21 22:00:00,32.25030042941063
2011-01-21 23:00:00,26.135360265203623
2011-01-22 00:00:00,28.510653807497654
2011-01-22 01:00:00,16.847308807363547
2011-01-22 02:00:00,13.952539780272254
2011-01-22 03:00:00,6.555884793414094
2011-01-22 04:00:00,1.140894572231868
2011-01-22 06:00:00,2.994714211725384
2011-01-22 07:00:00,11.252226519411256
2011-01-22 08:00:00,26.266255104775784
2011-01-22 09:00:00,41.18980788218194
2011-01-22 10:00:00,63.88615215547648
2011-01-22 11:00:00,75.51357996608334
2011-01-22 12:00:00,92.49848158737507
2011-01-22 13:00:00,97.49029154868443
2011-01-22 14:00:00,85.02382181224145
2011-01-22 15:00:00,87.08693332608412
2011-01-22 16:00:00,75.42884998794722
2011-01-22 17:00:00,76.61128010226273
2011-01-22 18:00:00,56.12811664653713
2011-01-22 19:00:00,45.49162056466096
2011-01-22 20:00:00,35.967674962952756
2011-01-22 21:00:00,34.50904258311733
2011-01-22 22:00:00,25.66382853359067
2011-01-22 23:00:00,19.77885972074488
2011-01-23 00:00:00,26.257734455868682
2011-01-23 01:00:00,20.03813162186983
2011-01-23 02:00:00,14.703537868994832
2011-01-23 03:00:00,8.845709922433018
2011-01-23 05:00:00,1.6300064879366905
2011-01-23 06:00:00,1.6554773564025176
2011-01-23 07:00:00,4.8179893057114755
2011-01-23 08:00:00,11.913113108418752
2011-01-23 09:00:00,24.209266423403193
2011-01-23 10:00:00,59.88546909649948
2011-01-23 11:00:00,73.7461274127121
2011-01-23 12:00:00,80.70047396380257
2011-01-23 13:00:00,84.232265498927
2011-01-23 14:00:00,84.21391692095057
2011-01-23 15:00:00,81.49849649467714
2011-01-23 16:00:00,74.32421137590534
2011-01-23 17:00:00,61.71217970814853
2011-01-23 18:00:00,44.721382821970245
2011-01-23 19:00:00,31.680039358473223
2011-01-23 20:00:00,26.55182716656256
2011-01-23 21:00:00,23.23325932302355
2011-01-23 22:00:00,17.256703457008708
2011-01-23 23:00:00,9.928174648983555
2011-01-24 00:00:00,9.879070032856857
2011-01-24 01:00:00,4.07073000879614
2011-01-24 03:00:00,1.4428560901514547
2011-01-24 04:00:00,1.1198315465784794
2011-01-24 05:00:00,4.017469757095395
2011-01-24 06:00:00,26.80487892813604
2011-01-24 07:00:00,90.84842493634301
2011-01-24 08:00:00,197.81278916272535
2011-01-24 09:00:00,123.31152673403679
2011-01-24 10:00:00,38.957575476974725
2011-01-24 11:00:00,38.61069870454368
2011-01-24 12:00:00,48.7178626067046
2011-01-24 13:00:00,48.64595683145816
2011-01-24 14:00:00,41.46893635650265
2011-01-24 15:00:00,52.89084990028205
2011-01-24 16:00:00,70.98190040645694
2011-01-24 17:00:00,143.28361147451628
2011-01-24 18:00:00,132.98811564102192
2011-01-24 19:00:00,91.93076088033733
2011-01-24 20:00:00,58.10746833549824
2011-01-24 21:00:00,44.10273119029939
2011-01-24 22:00:00,26.537726365305602
2011-01-24 23:00:00,14.379553336625689
2011-01-25 00:00:00,6.940635607625324
2011-01-25 01:00:00,3.768575164762778
2011-01-25 02:00:00,1.6149107477178228
2011-01-25 04:00:00,1.3785330223833059
2011-01-25 05:00:00,4.991095173400685
2011-01-25 06:00:00,30.30759535625515
2011-01-25 07:00:00,96.289353939131
2011-01-25 08:00:00,213.77801915387076
2011-01-25 09:00:00,116.79674005279503
2011-01-25 10:00:00,47.41333484183248
2011-01-25 11:00:00,53.590611270650854
2011-01-25 12:00:00,63.13881922375165
2011-01-25 13:00:00,64.84532949510532
2011-01-25 14:00:00,66.44540381901473
2011-01-25 15:00:00,74.88819223755746
2011-01-25 16:00:00,96.29149153349069
2011-01-25 17:00:00,209.40968014043767
2011-01-25 18:00:00,178.30915059780472
2011-01-25 19:00:00,111.00049789798335
2011-01-25 20:00:00,79.27769707946791
2011-01-25 21:00:00,62.59529642380741
2011-01-25 22:00:00,39.82059728417747
2011-01-25 23:00:00,18.859273111209095
2011-01-26 00:00:00,10.012278790357641
2011-01-26 01:00:00,5.19109690002209
2011-01-26 02:00:00,2.422213285315102
2011-01-26 05:00:00,2.5355353997595538
2011-01-26 06:00:00,16.322671021242908
2011-01-26 07:00:00,45.37999443623583
2011-01-26 08:00:00,86.90595914514714
2011-01-26 09:00:00,41.715167691441955
2011-01-26 10:00:00,16.800773755162123
2011-01-26 11:00:00,11.766885469889804
2011-01-26 12:00:00,12.969949619431853
2011-01-26 13:00:00,13.374253166462392
2011-01-26 14:00:00,11.338509068805628
2011-01-26 15:00:00,9.533101607586284
2011-01-26 16:00:00,17.785275877931507
2011-01-26 17:00:00,41.94346670780057
2011-01-27 16:00:00,80.14815361383266
2011-01-27 17:00:00,156.80726208349566
2011-01-27 18:00:00,145.828931719428
2011-01-27 19:00:00,103.3058334569999
2011-01-27 20:00:00,75.05006473020482
2011-01-27 21:00:00,61.499157984149875
2011-01-27 22:00:00,42.98179923579816
2011-01-27 23:00:00,25.227785343819576
2011-01-28 00:00:00,13.137999330948492
2011-01-28 01:00:00,6.629904393822573
2011-01-28 02:00:00,3.260048498469888
2011-01-28 03:00:00,1.7609549052543678
2011-01-28 05:00:00,5.695107390346464
2011-01-28 06:00:00,22.505074126225754
2011-01-28 07:00:00,79.01555987117274
2011-01-28 08:00:00,186.6750083794142
2011-01-28 09:00:00,82.249371272586
2011-01-28 10:00:00,33.50360297322376
2011-01-28 11:00:00,37.854578664322915
2011-01-28 12:00:00,42.919677096817686
2011-01-28 13:00:00,45.325735963136715
2011-01-28 14:00:00,35.34843572612634
2011-01-28 15:00:00,58.29850065827732
2011-01-28 16:00:00,85.55136265846559
2011-01-28 17:00:00,166.32582617058483
2011-01-28 18:00:00,156.93443055768404
2011-01-28 19:00:00,105.62009727093928
2011-01-28 20:00:00,73.73568269435532
2011-01-28 21:00:00,57.282012614781124
2011-01-28 22:00:00,44.026867195402
2011-01-28 23:00:00,35.92578136058849
2011-01-29 00:00:00,23.886036348652887
2011-01-29 01:00:00,22.64330320935057
2011-01-29 02:00:00,16.398416067068705
2011-01-29 03:00:00,8.77520137622969
2011-01-29 04:00:00,1.973972725197692
2011-01-29 06:00:00,2.5997485193065293
2011-01-29 07:00:00,10.634494420461694
2011-01-29 08:00:00,28.20551038463915
2011-01-29 09:00:00,45.11115736271782
2011-01-29 10:00:00,72.30730417623232
2011-01-29 11:00:00,74.96227686837635
2011-01-29 12:00:00,89.99864736068311
2011-01-29 13:00:00,102.72037889741371
2011-01-29 14:00:00,100.12475336764417
2011-01-29 15:00:00,102.36685081694489
2011-01-29 16:00:00,100.09072078325286
2011-01-29 17:00:00,81.3091461853119
2011-01-29 18:00:00,72.75701987537174
2011-01-29 19:00:00,56.237776761147956
2011-01-29 20:00:00,50.862418075416215
2011-01-29 21:00:00,44.15039127021199
2011-01-29 22:00:00,30.95295164330623
2011-01-29 23:00:00,27.036304745974252
2011-01-30 00:00:00,29.131921013043506
2011-01-30 01:00:00,26.620185977277867
2011-01-30 02:00:00,22.312623063578062
2011-01-30 03:00:00,10.425988790883375
2011-01-30 04:00:00,2.3879399161199655
2011-01-30 05:00:00,2.019621838006221
2011-01-30 07:00:00,5.263628934614929
2011-01-30 08:00:00,14.925347112833242
2011-01-30 09:00:00,36.225510232301914
2011-01-30 10:00:00,79.5857552213622
2011-01-30 11:00:00,93.25289091554176
2011-01-30 12:00:00,126.8108384496393
2011-01-30 13:00:00,118.24909789109887
2011-01-30 14:00:00,116.89052650453687
2011-01-30 15:00:00,121.9777297467123
2011-01-30 16:00:00,111.15217479668911
2011-01-30 17:00:00,83.7541393079487
2011-01-30 18:00:00,67.3284531914015
2011-01-30 19:00:00,51.46969230344679
2011-01-30 20:00:00,42.30084850618988
2011-01-30 21:00:00,34.21041725180301
2011-01-30 22:00:00,25.273471529217574
2011-01-30 23:00:00,16.066293279823228
2011-01-31 00:00:00,10.88910939050681
2011-01-31 01:00:00,4.3004686995753785
2011-01-31 02:00:00,2.243260817713326
2011-01-31 03:00:00,1.504330402761052
2011-01-31 04:00:00,1.2780565572947538
2011-01-31 05:00:00,3.625871329232374
2011-01-31 06:00:00,26.66125204856588
2011-01-31 07:00:00,78.58412147384513
2011-01-31 08:00:00,173.03817254873732
2011-01-31 09:00:00,97.3055060575731
2011-01-31 10:00:00,38.79142704967797
2011-01-31 11:00:00,41.73041711966409
2011-01-31 12:00:00,55.09697659900373
2011-01-31 13:00:00,57.73107597556778
2011-01-31 14:00:00,45.84275317920121
2011-01-31 15:00:00,47.250751868268054
2011-01-31 16:00:00,71.8256269265979
2011-01-31 17:00:00,149.49573303550943
2011-01-31 18:00:00,148.37123947723424
2011-01-31 19:00:00,122.79950776196546
2011-01-31 20:00:00,47.08978929243032
2011-01-31 21:00:00,34.6018359690299
2011-01-31 22:00:00,29.896549346438057
2011-01-31 23:00:00,13.462005792298902
2011-02-20 00:00:00,27.372482773087786
2011-02-20 01:00:00,18.91257523539226
2011-02-20 02:00:00,15.931439985978813
2011-02-20 03:00:00,9.535985098376157
2011-02-20 04:00:00,1.6732385112287358
2011-02-20 06:00:00,1.714810045640284
2011-02-20 07:00:00,4.976572639447594
2011-02-20 08:00:00,15.451757584270641
2011-02-20 09:00:00,33.90038198374476
2011-02-20 10:00:00,85.16001210563435
2011-02-20 11:00:00,105.14156857653425
2011-02-20 12:00:00,129.82385003346283
2011-02-20 13:00:00,160.70276077831625
2011-02-20 14:00:00,151.21330635757374
2011-02-20 15:00:00,151.08682556542183
2011-02-20 16:00:00,139.81252427480274
2011-02-20 17:00:00,115.78704477461974
2011-02-20 18:00:00,87.21432457308461
2011-02-20 19:00:00,66.50962979849625
2011-02-20 20:00:00,50.078745623667324
2011-02-20 21:00:00,40.3483794622762
2011-02-20 22:00:00,35.774092479716195
2011-02-20 23:00:00,24.03274260060197
2011-02-21 00:00:00,17.054538279601925
2011-02-21 01:00:00,10.983730251060896
2011-02-21 02:00:00,6.008851596819494
2011-02-21 03:00:00,2.4972839364597124
2011-02-21 04:00:00,2.115398417043174
2011-02-21 05:00:00,3.432295512924637
2011-02-21 06:00:00,6.7239630540781095
2011-02-21 07:00:00,29.990286088583026
2011-02-21 08:00:00,67.78631361903969
2011-02-21 09:00:00,63.418608093901085
2011-02-21 10:00:00,75.88363849972637
2011-02-21 11:00:00,85.86513136111631
2011-02-21 12:00:00,101.101221455124
2011-02-21 13:00:00,27.66595675011409
2011-02-21 14:00:00,100.21255764226052
2011-02-21 15:00:00,75.80580610715819
2011-02-21 16:00:00,38.29349873041395
2011-02-21 17:00:00,91.10259226039206
2011-02-21 18:00:00,64.0510623905816
2011-02-21 19:00:00,47.982114958647664
2011-02-21 20:00:00,23.403703590475878
2011-02-21 21:00:00,15.578019452043488
2011-02-21 22:00:00,12.889496918123875
2011-02-21 23:00:00,6.652416764725124
2011-02-22 06:00:00,23.934092328004535
2011-02-22 07:00:00,78.2342724223949
2011-02-22 08:00:00,203.98467746100522
2011-02-22 09:00:00,111.01014355564585
2011-02-22 10:00:00,40.63812799101502
2011-02-22 11:00:00,49.17293842269649
2011-02-22 12:00:00,61.82681812292303
2011-02-22 13:00:00,61.588939867454805
2011-02-22 14:00:00,54.29112039072461
2011-02-22 15:00:00,62.69700926928443
2011-02-22 16:00:00,77.86948621533497
2011-02-22 17:00:00,155.36396767120218
2011-02-22 18:00:00,153.85432566117083
2011-02-22 19:00:00,97.2879330050025
2011-02-22 20:00:00,69.40931262286263
2011-02-22 21:00:00,54.63539796948316
2011-02-22 22:00:00,36.20706796632954
2011-02-22 23:00:00,18.324210181678882
2011-02-23 00:00:00,8.329130077030753
2011-02-23 01:00:00,3.6549223303118072
2011-02-23 02:00:00,1.459590796881547
2011-02-23 03:00:00,1.0606165433841381
2011-02-23 05:00:00,4.473103525071831
2011-02-23 06:00:00,28.398678149007022
2011-02-23 07:00:00,90.22330280761426
2011-02-23 08:00:00,211.56489837152787
2011-02-23 09:00:00,129.62150793059405
2011-02-23 10:00:00,49.66936280316142
2011-02-23 11:00:00,54.32335658678709
2011-02-23 12:00:00,70.27886185461203
2011-02-23 13:00:00,78.80713457004273
2011-02-23 14:00:00,73.32180911987966
2011-02-23 15:00:00,82.94552693790337
2011-02-23 16:00:00,105.68227078248073
2011-02-23 17:00:00,223.7808659508807
2011-02-23 18:00:00,204.90839836594736
2011-02-23 19:00:00,128.6322992212369
2011-02-23 20:00:00,81.58660123333794
2011-02-23 21:00:00,62.607478722927326
2011-02-23 22:00:00,46.44022341199515
2011-02-23 23:00:00,24.058535143132307
2011-02-24 00:00:00,11.850586335866984
2011-02-24 01:00:00,5.695010660793255
2011-02-24 02:00:00,2.5867307806164814
2011-02-24 03:00:00,1.5277015264560134
2011-02-24 05:00:00,5.780239155102516
2011-02-24 06:00:00,30.953145932618142
2011-02-24 07:00:00,102.10678790240412
2011-02-24 08:00:00,272.03746404797926
2011-02-24 09:00:00,116.71652004654058
2011-02-24 10:00:00,53.28901751663463
2011-02-24 11:00:00,66.6206697937081
2011-02-24 12:00:00,76.02341327819946
2011-02-24 13:00:00,80.74671737075401
2011-02-24 14:00:00,69.47288880547086
2011-02-24 15:00:00,32.06541204222197
2011-02-24 16:00:00,36.75566236563471
2011-02-24 17:00:00,119.2718040574986
2011-02-24 18:00:00,104.15521679841486
2011-02-24 19:00:00,32.005470677966294
2011-02-24 20:00:00,56.4488481475346
2011-02-24 21:00:00,42.43449487157809
2011-02-24 22:00:00,15.889098391289469
2011-02-24 23:00:00,27.390485951577396
2011-02-25 00:00:00,9.23090491045685
2011-02-25 01:00:00,5.986558148338926
2011-02-25 02:00:00,3.863884557856868
2011-02-25 03:00:00,1.9682776895493985
2011-02-25 05:00:00,6.87285879769897
2011-02-25 06:00:00,22.537748712057773
2011-02-25 07:00:00,53.57425650145563
2011-02-25 08:00:00,108.88796018066891
2011-02-25 09:00:00,35.92821659217656
2011-02-25 10:00:00,14.821493270238824
2011-02-25 11:00:00,124.61010819205795
2011-02-25 12:00:00,71.37311633008264
2011-02-25 13:00:00,69.37584781482445
2011-02-25 14:00:00,64.62362987574399
2011-02-25 15:00:00,110.47482015228692
2011-02-25 16:00:00,101.94845828358021
2011-02-25 17:00:00,158.47085798226038
2011-02-25 18:00:00,164.47815428909655
2011-02-25 19:00:00,104.55106930988678
2011-02-25 20:00:00,57.86128039230181
2011-02-25 21:00:00,54.50377836344577
2011-02-25 22:00:00,44.61695590106856
2011-02-25 23:00:00,35.298617706611964
2011-02-26 00:00:00,28.18595028231877
2011-02-26 01:00:00,17.716635141756367
2011-02-26 02:00:00,12.101496360446719
2011-02-26 03:00:00,8.95425680135654
2011-02-26 04:00:00,2.4713565934985695
2011-02-26 05:00:00,2.3741387149876068
2011-02-26 06:00:00,3.3196823678899703
2011-02-26 07:00:00,10.301751907684464
2011-02-26 08:00:00,28.627656723131473
2011-02-26 09:00:00,52.589868623253885
2011-02-26 10:00:00,88.74219373230056
2011-02-26 11:00:00,113.35951665405483
2011-02-26 12:00:00,132.15789778719488
2011-02-26 13:00:00,125.30159150196599
2011-02-26 14:00:00,128.06836906663315
2011-02-26 15:00:00,127.53083223492209
2011-02-26 16:00:00,122.9608309118624
2011-02-26 17:00:00,115.88275586820444
2011-02-26 18:00:00,101.22925490244343
2011-02-26 19:00:00,75.59915704082552
2011-02-26 20:00:00,67.03553505358876
2011-02-26 21:00:00,51.91783660242832
2011-02-26 22:00:00,43.510197418729504
2011-02-26 23:00:00,34.98756821600451
2011-02-27 00:00:00,25.937738017825545
2011-02-27 01:00:00,23.58099765167337
2011-02-27 02:00:00,18.64225823071508
2011-02-27 03:00:00,10.747462284148533
2011-02-27 04:00:00,3.1489121149920134
2011-02-27 06:00:00,1.9873616085657217
2011-02-27 07:00:00,6.171660015798427
2011-02-27 08:00:00,18.63101783015076
2011-02-27 09:00:00,41.85705840535311
2011-02-27 10:00:00,89.70005889840738
2011-02-27 11:00:00,126.22907491551673
2011-02-27 12:00:00,175.87216580120287
2011-02-27 13:00:00,174.15407331716585
2011-02-27 14:00:00,169.98598787030815
2011-02-27 15:00:00,202.21922114242852
2011-02-27 16:00:00,234.74941472261483
2011-02-27 17:00:00,124.29172080515997
2011-02-27 18:00:00,95.85559310445426
2011-02-27 19:00:00,82.04441110273285
2011-02-27 20:00:00,68.38115345179052
2011-02-27 21:00:00,57.00872118751327
2011-02-27 22:00:00,43.384737678624795
2011-02-27 23:00:00,24.634437007282393
2011-02-28 00:00:00,13.274732598249898
2011-02-28 01:00:00,3.4309528420879287
2011-02-28 03:00:00,1.1101776023328846
2011-02-28 05:00:00,5.04549809829556
2011-02-28 06:00:00,32.799368430376255
2011-02-28 07:00:00,84.88577275035095
2011-02-28 08:00:00,174.33761900443207
2011-02-28 09:00:00,114.92933007451171
2011-02-28 10:00:00,74.58829413004776
2011-02-28 11:00:00,91.82554079655868
2011-02-28 12:00:00,110.73087500403368
2011-02-28 13:00:00,23.552703423791638
2011-02-28 14:00:00,11.774511939673923
2011-02-28 15:00:00,14.01575040198559
2011-02-28 16:00:00,42.56081439828582
2011-02-28 17:00:00,52.29509993150062
2011-02-28 18:00:00,112.66597689381163
2011-02-28 19:00:00,24.13351046913959
2011-02-28 20:00:00,17.552782288090157
2011-02-28 21:00:00,38.71175617165597
2011-02-28 22:00:00,14.25801255877842
2011-02-28 23:00:00,12.309562869756167
2011-03-20 00:00:00,37.750123790585995
2011-03-20 01:00:00,26.973662230491442
2011-03-20 02:00:00,20.00498750004105
2011-03-20 03:00:00,11.3461456200954
2011-03-20 04:00:00,1.9325190857783765
2011-03-20 05:00:00,1.985440792337215
2011-03-20 06:00:00,2.4406747511276876
2011-03-20 07:00:00,5.775484116917648
2011-03-20 08:00:00,22.546951065646045
2011-03-20 09:00:00,45.33663296086795
2011-03-20 10:00:00,104.01034466412963
2011-03-20 11:00:00,132.90661657140626
2011-03-20 12:00:00,161.59736748749836
2011-03-20 13:00:00,177.0769651612962
2011-03-20 14:00:00,171.2388287575864
2011-03-20 15:00:00,169.91510580427934
2011-03-20 16:00:00,162.4058418526961
2011-03-20 17:00:00,121.76160908614217
2011-03-20 18:00:00,93.28429927830378
2011-03-20 19:00:00,60.48913388273621
2011-03-20 20:00:00,51.82753298869922
2011-03-20 21:00:00,38.43530324956682
2011-03-20 22:00:00,33.27777176494326
2011-03-20 23:00:00,16.43665549343354
2011-03-21 00:00:00,14.056356956762334
2011-03-21 01:00:00,6.3430355789142965
2011-03-21 02:00:00,3.7659907938293067
2011-03-21 03:00:00,2.341908148719822
2011-03-21 05:00:00,9.202163993321628
2011-03-21 06:00:00,35.31502221673079
2011-03-21 07:00:00,48.78146248992759
2011-03-21 08:00:00,151.14642795827717
2011-03-21 09:00:00,87.98061060576629
2011-03-21 10:00:00,70.41136039289205
2011-03-21 11:00:00,83.79593169465701
2011-03-21 12:00:00,106.79336862177801
2011-03-21 13:00:00,140.02397806747342
2011-03-21 14:00:00,133.19756519117738
2011-03-21 15:00:00,148.71181097536086
2011-03-21 16:00:00,211.72470289364256
2011-03-21 17:00:00,477.6743519117257
2011-03-21 18:00:00,447.6687290078074
2011-03-21 19:00:00,341.6283904835829
2011-03-21 20:00:00,258.6633816476696
2011-03-21 21:00:00,105.25640316607698
2011-03-21 22:00:00,83.94072252014048
2011-03-21 23:00:00,52.439329417761755
2011-03-22 00:00:00,31.963190691492052
2011-03-22 01:00:00,9.460260322380178
2011-03-22 02:00:00,7.257059534560776
2011-03-22 03:00:00,4.116794954775177
2011-03-22 04:00:00,3.8466728998182544
2011-03-22 05:00:00,14.544312721808415
2011-03-22 06:00:00,73.20224838143372
2011-03-22 07:00:00,153.1653652610111
2011-03-22 08:00:00,288.2996300496263
2011-03-22 09:00:00,148.53376666083918
2011-03-22 10:00:00,85.66618187055316
2011-03-22 11:00:00,98.36362638365338
2011-03-22 12:00:00,142.0989657806643
2011-03-22 13:00:00,153.91250384465656
2011-03-22 14:00:00,135.04373360970843
2011-03-22 15:00:00,146.5283668649476
2011-03-22 16:00:00,243.57834298624283
2011-03-22 17:00:00,476.3578913395645
2011-03-22 18:00:00,472.36129326284237
2011-03-22 19:00:00,219.45737246325902
2011-03-22 20:00:00,152.69061201235672
2011-03-22 21:00:00,105.69498146994572
2011-03-22 22:00:00,80.14709433119685
2011-03-22 23:00:00,43.249484248411015
2011-03-23 00:00:00,17.15286886579036
2011-03-23 01:00:00,5.629957383329777
2011-03-23 02:00:00,3.465941588346853
2011-03-23 03:00:00,2.564379783214095
2011-03-23 05:00:00,9.58302920130491
2011-03-23 06:00:00,52.96360404552737
2011-03-23 07:00:00,97.49068151103484
2011-03-23 08:00:00,236.37034133193086
2011-03-23 09:00:00,109.90660481072867
2011-03-23 10:00:00,50.405111958293205
2011-03-23 11:00:00,53.72249674735773
2011-03-23 12:00:00,47.90691687723597
2011-03-23 13:00:00,41.927961731428695
2011-03-23 14:00:00,67.31521920291317
2011-03-23 15:00:00,88.43070436022985
2011-03-23 16:00:00,140.86509584512132
2011-03-23 17:00:00,313.1406582961763
2011-03-23 18:00:00,156.00101153923575
2011-03-23 19:00:00,113.90990782393084
2011-03-23 20:00:00,22.983424008612
2011-03-23 21:00:00,19.488060028136626
2011-03-23 22:00:00,45.1318397053519
2011-03-23 23:00:00,23.020291758919573
2011-03-24 00:00:00,9.653485023398915
2011-03-24 01:00:00,5.053310875198931
2011-03-24 02:00:00,3.960095288473986
2011-03-24 03:00:00,2.3270476833990537
2011-03-24 04:00:00,2.2818901409113037
2011-03-24 05:00:00,10.761483948968491
2011-03-24 06:00:00,53.45126809822838
2011-03-24 07:00:00,73.24243470459358
2011-03-24 08:00:00,159.9791240468512
2011-03-24 09:00:00,105.09981823940707
2011-03-24 10:00:00,43.55868717008971
2011-03-24 11:00:00,54.4038016056826
2011-03-24 12:00:00,87.01055909890087
2011-03-24 13:00:00,94.47961266527142
2011-03-24 14:00:00,80.79257213526306
2011-03-24 15:00:00,84.21734561848848
2011-03-24 16:00:00,105.10366588116096
2011-03-24 17:00:00,221.7730115901771
2011-03-24 18:00:00,213.23288863638913
2011-03-24 19:00:00,157.6434566957723
2011-03-24 20:00:00,102.84940591490157
2011-03-24 21:00:00,82.14787484026668
2011-03-24 22:00:00,61.35811029567392
2011-03-24 23:00:00,41.41340196264783
2011-03-25 00:00:00,20.723497476129996
2011-03-25 01:00:00,8.474056810130422
2011-03-25 02:00:00,3.799709149485137
2011-03-25 03:00:00,2.505367761689714
2011-03-25 04:00:00,2.252005705740066
2011-03-25 05:00:00,9.829385738610528
2011-03-25 06:00:00,57.97516109236959
2011-03-25 07:00:00,121.12460046922513
2011-03-25 08:00:00,264.0197538271043
2011-03-25 09:00:00,159.24278725591248
2011-03-25 10:00:00,76.38466037179458
2011-03-25 11:00:00,102.49716839026686
2011-03-25 12:00:00,123.4375828685008
2011-03-25 13:00:00,121.34048413416187
2011-03-25 14:00:00,127.52441529794399
2011-03-25 15:00:00,109.06169281980145
2011-03-25 16:00:00,131.90838793172702
2011-03-25 17:00:00,241.13635995243013
2011-03-25 18:00:00,221.69409351637483
2011-03-25 19:00:00,125.23507414143266
2011-03-25 20:00:00,94.79156661505773
2011-03-25 21:00:00,72.76204931301636
2011-03-25 22:00:00,54.84428568390143
2011-03-25 23:00:00,43.75575175993193
2011-03-26 00:00:00,40.26833203933926
2011-03-26 01:00:00,30.78310027902469
2011-03-26 02:00:00,24.49064314057252
2011-03-26 03:00:00,11.144680265674276
2011-03-26 04:00:00,3.6210547349205857
2011-03-26 05:00:00,3.797960754037102
2011-03-26 06:00:00,8.33248647120284
2011-03-26 07:00:00,15.661209496967096
2011-03-26 08:00:00,49.21388422224603
2011-03-26 09:00:00,78.96624326947357
2011-03-26 10:00:00,129.51338409684234
2011-03-26 11:00:00,149.46502751469743
2011-03-26 12:00:00,172.8721088499805
2011-03-26 13:00:00,177.23946978333908
2011-03-26 14:00:00,175.93408563891097
2011-03-26 15:00:00,196.08906633954385
2011-03-26 16:00:00,197.74026013637754
2011-03-26 17:00:00,140.87167934341437
2011-03-26 18:00:00,118.31376586226345
2011-03-26 19:00:00,93.99066973772312
2011-03-26 20:00:00,75.91498824343003
2011-03-26 21:00:00,56.32144754739797
2011-03-26 22:00:00,50.04868772449551
2011-03-26 23:00:00,42.24023009819938
2011-03-27 00:00:00,40.87882669557578
2011-03-27 01:00:00,31.611088556516627
2011-03-27 02:00:00,28.029886838714482
2011-03-27 03:00:00,11.025348695916334
2011-03-27 04:00:00,3.776815426838243
2011-03-27 06:00:00,6.831138507404923
2011-03-27 07:00:00,10.955849351188537
2011-03-27 08:00:00,27.11531847499783
2011-03-27 09:00:00,71.15008789797889
2011-03-27 10:00:00,103.32987323100348
2011-03-27 11:00:00,140.34604286061418
2011-03-27 12:00:00,162.12568657888693
2011-03-27 13:00:00,171.78052211090474
2011-03-27 14:00:00,169.9056852789912
2011-03-27 15:00:00,178.42260461052308
2011-03-27 16:00:00,195.33635831621206
2011-03-27 17:00:00,135.42250128293895
2011-03-27 18:00:00,100.82643843626444
2011-03-27 19:00:00,78.10878314578775
2011-03-27 20:00:00,64.76854089118618
2011-03-27 21:00:00,50.699987838887566
2011-03-27 22:00:00,39.93821143113744
2011-03-27 23:00:00,25.312557983342113
2011-03-28 00:00:00,10.766640646155093
2011-03-28 01:00:00,5.379382150674686
2011-03-28 02:00:00,3.4881323081805267
2011-03-28 03:00:00,2.2925697822981213
2011-03-28 05:00:00,9.088125319940392
2011-03-28 06:00:00,49.93874946270729
2011-03-28 07:00:00,108.13416291796034
2011-03-28 08:00:00,255.0372384104101
2011-03-28 09:00:00,129.22268908004162
2011-03-28 10:00:00,62.29844837252577
2011-03-28 11:00:00,63.99095537979217
2011-03-28 12:00:00,84.58498372829239
2011-03-28 13:00:00,84.78970919328766
2011-03-28 14:00:00,87.43439261227914
2011-03-28 15:00:00,86.42950548069658
2011-03-28 16:00:00,123.04633902843686
2011-03-28 17:00:00,266.4013967346788
2011-03-28 18:00:00,236.54274553378337
2011-03-28 19:00:00,166.5120342540313
2011-03-28 20:00:00,134.91565363271832
2011-03-28 21:00:00,91.07824577096454
2011-03-28 22:00:00,54.30881062382606
2011-03-28 23:00:00,25.33082014806879
2011-03-29 00:00:00,8.221197359656621
2011-03-29 01:00:00,2.8148704287356416
2011-03-29 02:00:00,1.9107304288021374
2011-03-29 03:00:00,1.2715594317501955
2011-03-29 04:00:00,2.290547193366868
2011-03-29 05:00:00,10.715473902306005
2011-03-29 06:00:00,56.70314230687162
2011-03-29 07:00:00,129.80841870300466
2011-03-29 08:00:00,274.9682636913018
2011-03-29 09:00:00,131.68175132964475
2011-03-29 10:00:00,73.5079102907059
2011-03-29 11:00:00,72.35078590596574
2011-03-29 12:00:00,114.17309211984919
2011-03-29 13:00:00,94.21093497964152
2011-03-29 14:00:00,98.75577904526224
2011-03-29 15:00:00,118.6850566465864
2011-03-29 16:00:00,173.99849562394147
2011-03-29 17:00:00,359.6875421179537
2011-03-29 18:00:00,313.8726302811866
2011-03-29 19:00:00,193.41045247696348
2011-03-29 20:00:00,158.39992930550275
2011-03-29 21:00:00,95.09445325819311
2011-03-29 22:00:00,68.48302885344324
2011-03-29 23:00:00,33.75781735430557
2011-03-30 00:00:00,16.579852709231247
2011-03-30 01:00:00,6.263360466803625
2011-03-30 02:00:00,3.452714668535945
2011-03-30 03:00:00,2.4200954922484823
2011-03-30 04:00:00,2.5616367053540134
2011-03-30 05:00:00,12.71059229574649
2011-03-30 06:00:00,56.45186918985201
2011-03-30 07:00:00,148.21545256550985
2011-03-30 08:00:00,273.1183017269875
2011-03-30 09:00:00,127.12837779916089
2011-03-30 10:00:00,69.05556330561176
2011-03-30 11:00:00,73.9002074041242
2011-03-30 12:00:00,100.4403691912216
2011-03-30 13:00:00,100.58286128149794
2011-03-30 14:00:00,82.83052395790409
2011-03-30 15:00:00,33.61503553726696
2011-03-30 16:00:00,42.03909838827871
2011-03-30 17:00:00,116.69585998234692
2011-03-30 18:00:00,129.80698582007034
2011-03-30 19:00:00,95.60227177889242
2011-03-30 20:00:00,43.71921937214959
2011-03-30 21:00:00,61.33500147584143
2011-03-30 22:00:00,29.86974275335058
2011-03-30 23:00:00,14.436245843416115
2011-03-31 00:00:00,7.462539957739255
2011-03-31 01:00:00,4.371426304586225
2011-03-31 02:00:00,3.841027798844718
2011-03-31 03:00:00,2.082682746284469
2011-03-31 04:00:00,2.296218187808324
2011-03-31 05:00:00,9.838057599072314
2011-03-31 06:00:00,28.729144971489198
2011-03-31 07:00:00,90.96925039991828
2011-03-31 08:00:00,287.4741056231309
2011-03-31 09:00:00,87.0843865519439
2011-03-31 10:00:00,36.79379904080115
2011-03-31 11:00:00,35.23903920342654
2011-03-31 12:00:00,40.96811397131178
2011-03-31 13:00:00,50.80858172129294
2011-03-31 14:00:00,44.25548216965506
2011-03-31 15:00:00,26.141488087576843
2011-03-31 16:00:00,68.95680878132453
2011-03-31 17:00:00,146.90699718230914
2011-03-31 18:00:00,182.8584782509402
2011-03-31 19:00:00,129.37216579384884
2011-03-31 20:00:00,41.931856897213486
2011-03-31 21:00:00,64.62375880255276
2011-03-31 22:00:00,30.31033608736558
2011-03-31 23:00:00,29.820720295945836
2011-04-20 00:00:00,32.06570730740248
2011-04-20 01:00:00,8.674826644003112
2011-04-20 02:00:00,6.29822602926229
2011-04-20 03:00:00,3.616784130630063
2011-04-20 04:00:00,3.2925051048266836
2011-04-20 05:00:00,15.583993874175672
2011-04-20 06:00:00,75.75601839146918
2011-04-20 07:00:00,180.1448300610251
2011-04-20 08:00:00,432.6915275325913
2011-04-20 09:00:00,243.10800229411942
2011-04-20 10:00:00,124.54486867827652
2011-04-20 11:00:00,135.32993307665217
2011-04-20 12:00:00,181.5706661254133
2011-04-20 13:00:00,178.6622335348905
2011-04-20 14:00:00,158.6250880293806
2011-04-20 15:00:00,163.84958552642357
2011-04-20 16:00:00,258.93615330188317
2011-04-20 17:00:00,531.1418841635707
2011-04-20 18:00:00,529.6322591403765
2011-04-20 19:00:00,421.58087643610565
2011-04-20 20:00:00,294.7016914592632
2011-04-20 21:00:00,214.63039617647092
2011-04-20 22:00:00,161.68316291334799
2011-04-20 23:00:00,82.89402767915496
2011-04-21 00:00:00,36.941213008307145
2011-04-21 01:00:00,15.95482575281768
2011-04-21 02:00:00,9.117970865273733
2011-04-21 03:00:00,3.587348974883951
2011-04-21 04:00:00,3.9960287403029
2011-04-21 05:00:00,12.410985412756185
2011-04-21 06:00:00,52.58927613351683
2011-04-21 07:00:00,150.14984789415146
2011-04-21 08:00:00,279.044709660936
2011-04-21 09:00:00,154.29592631920997
2011-04-21 10:00:00,108.73780173115841
2011-04-21 11:00:00,115.85846434425119
2011-04-21 12:00:00,167.01636540010452
2011-04-21 13:00:00,165.40966878507683
2011-04-21 14:00:00,151.72074504513714
2011-04-21 15:00:00,167.3890170540675
2011-04-21 16:00:00,248.64469769797714
2011-04-21 17:00:00,469.21046389318445
2011-04-21 18:00:00,435.9168660046962
2011-04-21 19:00:00,272.9784003061359
2011-04-21 20:00:00,175.82815710053055
2011-04-21 21:00:00,127.02946124819533
2011-04-21 22:00:00,100.86211033586103
2011-04-21 23:00:00,65.91520637050161
2011-04-22 00:00:00,35.89860420561647
2011-04-22 01:00:00,15.124606234812102
2011-04-22 02:00:00,8.074618238353134
2011-04-22 03:00:00,3.801093787705243
2011-04-22 04:00:00,3.224850469862753
2011-04-22 05:00:00,14.049506717602437
2011-04-22 06:00:00,68.02987887889456
2011-04-22 07:00:00,115.35709218231419
2011-04-22 08:00:00,235.73111982396986
2011-04-22 09:00:00,106.63702404607598
2011-04-22 10:00:00,93.81858230018926
2011-04-22 11:00:00,68.91441528244182
2011-04-22 12:00:00,74.98354601671318
2011-04-22 13:00:00,50.057266951950226
2011-04-22 14:00:00,35.404958627215684
2011-04-22 15:00:00,49.772782357438764
2011-04-22 16:00:00,71.1254832671373
2011-04-22 17:00:00,93.13446596826948
2011-04-22 18:00:00,84.29991394091084
2011-04-22 19:00:00,60.1974616518598
2011-04-22 20:00:00,47.61769212623545
2011-04-22 21:00:00,45.93928498971211
2011-04-22 22:00:00,38.8546763765662
2011-04-22 23:00:00,38.49517793490673
2011-04-23 00:00:00,26.061810834821546
2011-04-23 01:00:00,23.9494584128099
2011-04-23 02:00:00,25.407714206337516
2011-04-23 03:00:00,12.287797777972447
2011-04-23 04:00:00,4.456218825735991
2011-04-23 05:00:00,5.154455713415454
2011-04-23 06:00:00,10.152318131353605
2011-04-23 07:00:00,15.411321266948352
2011-04-23 08:00:00,42.569655183968905
2011-04-23 09:00:00,50.903823175453375
2011-04-23 10:00:00,107.0067539898846
2011-04-23 11:00:00,137.505099701187
2011-04-23 12:00:00,218.56841191730325
2011-04-23 13:00:00,218.624695713662
2011-04-23 14:00:00,309.5506387542759
2011-04-23 15:00:00,310.62500206900626
2011-04-23 16:00:00,351.9738936435685
2011-04-23 17:00:00,320.93560515276823
2011-04-23 18:00:00,274.88542017549366
2011-04-23 19:00:00,219.27790058921315
2011-04-23 20:00:00,128.82478739562302
2011-04-23 21:00:00,138.7624738748755
2011-04-23 22:00:00,127.80935945416539
2011-04-23 23:00:00,117.97385004441192
2011-04-24 00:00:00,91.96046412720017
2011-04-24 01:00:00,71.90958564853216
2011-04-24 02:00:00,60.610234859906626
2011-04-24 03:00:00,28.259764424350323
2011-04-24 04:00:00,9.72442497037537
2011-04-24 05:00:00,10.658764293977143
2011-04-24 06:00:00,10.054300605371768
2011-04-24 07:00:00,23.890420119921693
2011-04-24 08:00:00,56.86220904254506
2011-04-24 09:00:00,130.03550470267325
2011-04-24 10:00:00,255.06686529744462
2011-04-24 11:00:00,355.4475036285038
2011-04-24 12:00:00,447.0056642571537
2011-04-24 13:00:00,416.0702881558234
2011-04-24 14:00:00,407.55966278142813
2011-04-24 15:00:00,404.4038597849142
2011-04-24 16:00:00,409.7452441576169
2011-04-24 17:00:00,394.7435641480452
2011-04-24 18:00:00,320.1963970639296
2011-04-24 19:00:00,151.2058716810973
2011-04-24 20:00:00,125.4886975398429
2011-04-24 21:00:00,85.53988291076264
2011-04-24 22:00:00,56.081911257100245
2011-04-24 23:00:00,52.683507062142866
2011-04-25 00:00:00,17.198907449569496
2011-04-25 01:00:00,11.442232090973178
2011-04-25 02:00:00,7.241018365971467
2011-04-25 03:00:00,4.009052622615733
2011-04-25 04:00:00,4.385370146690591
2011-04-25 05:00:00,16.886283685545138
2011-04-25 06:00:00,72.18248349173884
2011-04-25 07:00:00,216.67484978152888
2011-04-25 08:00:00,401.48845487712026
2011-04-25 09:00:00,227.00231126278078
2011-04-25 10:00:00,117.65197614830319
2011-04-25 11:00:00,131.8046352528635
2011-04-25 12:00:00,165.4519318551817
2011-04-25 13:00:00,173.50086285980333
2011-04-25 14:00:00,156.96580272110862
2011-04-25 15:00:00,162.03329584501674
2011-04-25 16:00:00,267.1066542379667
2011-04-25 17:00:00,540.2617741516624
2011-04-25 18:00:00,528.074412819375
2011-04-25 19:00:00,364.1736258175975
2011-04-25 20:00:00,254.71173271007473
2011-04-25 21:00:00,190.6862348422182
2011-04-25 22:00:00,115.02619132513689
2011-04-25 23:00:00,56.21851409684823
2011-04-26 00:00:00,24.093819753730187
2011-04-26 01:00:00,10.98027253106329
2011-04-26 02:00:00,5.573960770302356
2011-04-26 03:00:00,4.216030756325961
2011-04-26 04:00:00,4.733567908264726
2011-04-26 05:00:00,22.535912637322976
2011-04-26 06:00:00,110.12387749859087
2011-04-26 07:00:00,298.3407349132151
2011-04-26 08:00:00,436.57127764362986
2011-04-26 09:00:00,217.73036950256832
2011-04-26 10:00:00,120.96875608110854
2011-04-26 11:00:00,138.98347274419342
2011-04-26 12:00:00,181.17104720017187
2011-04-26 13:00:00,164.1253840207499
2011-04-26 14:00:00,156.13824088821585
2011-04-26 15:00:00,166.3744332364361
2011-04-26 16:00:00,267.0816474243543
2011-04-26 17:00:00,541.8239188603823
2011-04-26 18:00:00,508.8807086876311
2011-04-26 19:00:00,352.6111377453531
2011-04-26 20:00:00,250.5016701894508
2011-04-26 21:00:00,180.3501728256433
2011-04-26 22:00:00,122.98704304683073
2011-04-26 23:00:00,58.39882243778645
2011-04-27 00:00:00,30.95458626320958
2011-04-27 01:00:00,13.218187189867256
2011-04-27 02:00:00,6.406313045330882
2011-04-27 03:00:00,3.904164859800657
2011-04-27 04:00:00,3.7338273165381013
2011-04-27 05:00:00,14.430204140942124
2011-04-27 06:00:00,68.56894663857233
2011-04-27 07:00:00,250.52094125426493
2011-04-27 08:00:00,390.2210860818426
2011-04-27 09:00:00,149.00793213976402
2011-04-27 10:00:00,112.40689648221391
2011-04-27 11:00:00,118.28560284498266
2011-04-27 12:00:00,152.999813462049
2011-04-27 13:00:00,142.40598846283797
2011-04-27 14:00:00,159.01172221234236
2011-04-27 15:00:00,156.03148092027735
2011-04-27 16:00:00,260.2878589224893
2011-04-27 17:00:00,309.57029566529206
2011-04-27 18:00:00,278.38964458435896
2011-04-27 19:00:00,316.672476858484
2011-04-27 20:00:00,209.87652923225355
2011-04-27 21:00:00,135.78405981535485
2011-04-27 22:00:00,87.6150532231864
2011-04-27 23:00:00,44.19307800818001
2011-04-28 00:00:00,44.94303537149696
2011-04-28 01:00:00,13.097969434533772
2011-04-28 02:00:00,6.700793699832219
2011-04-28 03:00:00,5.628322664655841
2011-04-28 04:00:00,4.337386390758609
2011-04-28 05:00:00,18.79075451774569
2011-04-28 06:00:00,96.17843926201807
2011-04-28 07:00:00,269.40936476990925
2011-04-28 08:00:00,414.82979397022257
2011-04-28 09:00:00,124.52962742187296
2011-04-28 10:00:00,91.76836577211064
2011-04-28 11:00:00,119.37248809381511
2011-04-28 12:00:00,158.85824153951094
2011-04-28 13:00:00,123.88811741874255
2011-04-28 14:00:00,142.07216009204834
2011-04-28 15:00:00,179.57445869007418
2011-04-28 16:00:00,237.95138489265898
2011-04-28 17:00:00,517.1477514942048
2011-04-28 18:00:00,496.5384562643844
2011-04-28 19:00:00,368.14720511530635
2011-04-28 20:00:00,263.33681598005876
2011-04-28 21:00:00,198.03085601104223
2011-04-28 22:00:00,142.13496935330681
2011-04-28 23:00:00,99.19960173295509
2011-04-29 00:00:00,49.88731225588982
2011-04-29 01:00:00,25.92582858083156
2011-04-29 02:00:00,14.317950182393652
2011-04-29 03:00:00,5.6423767866349515
2011-04-29 04:00:00,4.874004613554579
2011-04-29 05:00:00,20.75585871378498
2011-04-29 06:00:00,105.22740218815392
2011-04-29 07:00:00,253.46323054125392
2011-04-29 08:00:00,377.5414295231054
2011-04-29 09:00:00,236.68655396294304
2011-04-29 10:00:00,162.23080658527454
2011-04-29 11:00:00,182.66382312234845
2011-04-29 12:00:00,227.51305131800055
2011-04-29 13:00:00,222.13839376271758
2011-04-29 14:00:00,215.80075215836317
2011-04-29 15:00:00,191.21571302136968
2011-04-29 16:00:00,275.57063815501584
2011-04-29 17:00:00,454.83788330437955
2011-04-29 18:00:00,429.2093958454614
2011-04-29 19:00:00,246.04079058617845
2011-04-29 20:00:00,190.3019096987081
2011-04-29 21:00:00,134.94235121328248
2011-04-29 22:00:00,103.66040109196857
2011-04-29 23:00:00,69.47936721042086
2011-04-30 00:00:00,68.52570790937732
2011-04-30 01:00:00,61.04537023454843
2011-04-30 02:00:00,43.42718110930101
2011-04-30 03:00:00,17.182439250129647
2011-04-30 04:00:00,5.57818401048547
2011-04-30 05:00:00,6.661479922404043
2011-04-30 06:00:00,14.309090413687505
2011-04-30 07:00:00,39.54968982590209
2011-04-30 08:00:00,88.41586618496378
2011-04-30 09:00:00,126.90922539789467
2011-04-30 10:00:00,261.8001395970529
2011-04-30 11:00:00,301.97476491292105
2011-04-30 12:00:00,354.908225934044
2011-04-30 13:00:00,360.67685916602835
2011-04-30 14:00:00,343.3673034521397
2011-04-30 15:00:00,355.13074416618275
2011-04-30 16:00:00,414.10856017007825
2011-04-30 17:00:00,381.0894494709949
2011-04-30 18:00:00,316.9521000134746
2011-04-30 19:00:00,260.63333301039836
2011-04-30 20:00:00,140.34411513945247
2011-04-30 21:00:00,112.2522877065865
2011-04-30 22:00:00,92.49593987067998
2011-04-30 23:00:00,80.4460996798663
2011-05-20 00:00:00,34.8744611529398
2011-05-20 01:00:00,17.104102018489886
2011-05-20 02:00:00,12.437624632247468
2011-05-20 03:00:00,5.237621765365732
2011-05-20 04:00:00,5.157437412088225
2011-05-20 05:00:00,24.16186468223764
2011-05-20 06:00:00,117.49406138639526
2011-05-20 07:00:00,284.5430731606046
2011-05-20 08:00:00,385.19647332545696
2011-05-20 09:00:00,235.52226831341147
2011-05-20 10:00:00,155.18553055224447
2011-05-20 11:00:00,172.83862611636374
2011-05-20 12:00:00,216.17146846853495
2011-05-20 13:00:00,211.63109539604298
2011-05-20 14:00:00,209.36374483886945
2011-05-20 15:00:00,208.14511512719727
2011-05-20 16:00:00,328.30617249951837
2011-05-20 17:00:00,530.3459273040696
2011-05-20 18:00:00,499.2493604780939
2011-05-20 19:00:00,333.0440326475934
2011-05-20 20:00:00,249.9009051420894
2011-05-20 21:00:00,192.3192124471437
2011-05-20 22:00:00,147.3173386400016
2011-05-20 23:00:00,131.31811194658587
2011-05-21 00:00:00,110.77273902083661
2011-05-21 01:00:00,76.5244717095137
2011-05-21 02:00:00,62.561126693946
2011-05-21 03:00:00,25.10987407666123
2011-05-21 04:00:00,9.481664411260988
2011-05-21 05:00:00,10.588258829933846
2011-05-21 06:00:00,23.910122191020932
2011-05-21 07:00:00,60.72916564690279
2011-05-21 08:00:00,136.48212152802327
2011-05-21 09:00:00,190.8713278576138
2011-05-21 10:00:00,277.34843752935944
2011-05-21 11:00:00,359.77503072631816
2011-05-21 12:00:00,437.12709207141785
2011-05-21 13:00:00,454.9766554761481
2011-05-21 14:00:00,423.1195980568216
2011-05-21 15:00:00,421.3101426095844
2011-05-21 16:00:00,448.467994888225
2011-05-21 17:00:00,416.6668415553784
2011-05-21 18:00:00,362.27017425518835
2011-05-21 19:00:00,330.00552238290396
2011-05-21 20:00:00,256.5811046780664
2011-05-21 21:00:00,207.23538387294053
2011-05-21 22:00:00,151.12673900079434
2011-05-21 23:00:00,127.00088499014674
2011-05-22 00:00:00,104.71948084410857
2011-05-22 01:00:00,75.6311546197429
2011-05-22 02:00:00,70.25022914708914
2011-05-22 03:00:00,27.38959687253379
2011-05-22 04:00:00,9.18214114062213
2011-05-22 05:00:00,10.31203975321313
2011-05-22 06:00:00,13.675529802423785
2011-05-22 07:00:00,39.8942107777354
2011-05-22 08:00:00,100.6114242025523
2011-05-22 09:00:00,175.03275688531176
2011-05-22 10:00:00,268.64098052275705
2011-05-22 11:00:00,355.198377747896
2011-05-22 12:00:00,394.1451169124292
2011-05-22 13:00:00,407.1868722419771
2011-05-22 14:00:00,315.38213774582795
2011-05-22 15:00:00,378.3024666718242
2011-05-22 16:00:00,437.7738143479545
2011-05-22 17:00:00,397.2536058112814
2011-05-22 18:00:00,350.5836789657313
2011-05-22 19:00:00,305.8857613688787
2011-05-22 20:00:00,224.93200354642067
2011-05-22 21:00:00,147.2328033899386
2011-05-22 22:00:00,121.23824461652575
2011-05-22 23:00:00,64.6093886564052
2011-05-23 00:00:00,25.169309243615203
2011-05-23 01:00:00,12.89597368070899
2011-05-23 02:00:00,5.723153951063382
2011-05-23 03:00:00,2.6908601091974615
2011-05-23 04:00:00,3.8978928719878585
2011-05-23 05:00:00,16.94889744336646
2011-05-23 06:00:00,73.7132926127745
2011-05-23 07:00:00,181.79941255988064
2011-05-23 08:00:00,362.5143846839792
2011-05-23 09:00:00,166.03867096291708
2011-05-23 10:00:00,117.826433558198
2011-05-23 11:00:00,132.6767626184758
2011-05-23 12:00:00,170.70150145488648
2011-05-23 13:00:00,159.1589043233852
2011-05-23 14:00:00,126.08196046921609
2011-05-23 15:00:00,150.68043214208157
2011-05-23 16:00:00,247.9447720968
2011-05-23 17:00:00,525.1621099357012
2011-05-23 18:00:00,462.39423051143496
2011-05-23 19:00:00,348.8348436952615
2011-05-23 20:00:00,205.85805379078215
2011-05-23 21:00:00,111.73300459938206
2011-05-23 22:00:00,68.64897588501952
2011-05-23 23:00:00,52.276870172738484
2011-05-24 00:00:00,16.428382082865145
2011-05-24 01:00:00,9.087178377942184
2011-05-24 02:00:00,5.512824064379346
2011-05-24 03:00:00,3.8937845436371044
2011-05-24 04:00:00,4.888090240599682
2011-05-24 05:00:00,14.612169226375022
2011-05-24 06:00:00,67.97522203164766
2011-05-24 07:00:00,249.28989909315837
2011-05-24 08:00:00,285.6071490773493
2011-05-24 09:00:00,224.00917697600016
2011-05-24 10:00:00,125.95311050000527
2011-05-24 11:00:00,128.7393657658603
2011-05-24 12:00:00,173.63920706778424
2011-05-24 13:00:00,170.16612920675817
2011-05-24 14:00:00,154.9150341694615
2011-05-24 15:00:00,147.19274081056568
2011-05-24 16:00:00,275.6138562120978
2011-05-24 17:00:00,556.425145578594
2011-05-24 18:00:00,538.5639782950926
2011-05-24 19:00:00,385.999150389
2011-05-24 20:00:00,268.1949748225893
2011-05-24 21:00:00,193.596550103661
2011-05-24 22:00:00,60.87659069651506
2011-05-24 23:00:00,90.91259548351825
2011-05-25 00:00:00,25.751884799541937
2011-05-25 01:00:00,11.580760802782361
2011-05-25 02:00:00,5.2330000622002375
2011-05-25 03:00:00,4.269716309381016
2011-05-25 04:00:00,4.432013343558439
2011-05-25 05:00:00,23.694327971072127
2011-05-25 06:00:00,78.68871987565196
2011-05-25 07:00:00,303.47358423982473
2011-05-25 08:00:00,446.52379038458787
2011-05-25 09:00:00,238.94690998850672
2011-05-25 10:00:00,127.3077721604933
2011-05-25 11:00:00,131.04466287908755
2011-05-25 12:00:00,172.8378783858968
2011-05-25 13:00:00,169.72844712232038
2011-05-25 14:00:00,156.68470064485365
2011-05-25 15:00:00,167.197666785611
2011-05-25 16:00:00,258.03359935556705
2011-05-25 17:00:00,546.8130597325679
2011-05-25 18:00:00,536.4865319153771
2011-05-25 19:00:00,414.9616906308848
2011-05-25 20:00:00,298.0274949632344
2011-05-25 21:00:00,216.69701232531912
2011-05-25 22:00:00,164.25721186751827
2011-05-25 23:00:00,93.13917961404724
2011-05-26 00:00:00,44.47001126729896
2011-05-26 01:00:00,19.693369999776586
2011-05-26 02:00:00,8.016005882411434
2011-05-26 03:00:00,4.941705915536214
2011-05-26 04:00:00,4.985815201546383
2011-05-26 05:00:00,19.743783172339526
2011-05-26 06:00:00,77.39349005626894
2011-05-26 07:00:00,170.74603552250173
2011-05-26 08:00:00,452.27410579270344
2011-05-26 09:00:00,242.06340351378012
2011-05-26 10:00:00,129.077000486348
2011-05-26 11:00:00,140.8663902515083
2011-05-26 12:00:00,184.27169119564223
2011-05-26 13:00:00,181.40587839794827
2011-05-26 14:00:00,168.76971211811573
2011-05-26 15:00:00,164.07676244742052
2011-05-26 16:00:00,249.9761623680431
2011-05-26 17:00:00,497.75817370376166
2011-05-26 18:00:00,485.02008612902307
2011-05-26 19:00:00,354.4419435815259
2011-05-26 20:00:00,278.33476656217607
2011-05-26 21:00:00,216.0422550930078
2011-05-26 22:00:00,174.07704316658265
2011-05-26 23:00:00,116.98707012293903
2011-05-27 00:00:00,60.31657872622536
2011-05-27 01:00:00,22.925476160384495
2011-05-27 02:00:00,15.079054709792345
2011-05-27 03:00:00,6.278011889934454
2011-05-27 04:00:00,5.719950667175025
2011-05-27 05:00:00,22.984057519929145
2011-05-27 06:00:00,103.65295179360334
2011-05-27 07:00:00,274.84147594620316
2011-05-27 08:00:00,404.6274843426441
2011-05-27 09:00:00,253.68722397391085
2011-05-27 10:00:00,151.35266209048766
2011-05-27 11:00:00,165.3724297998875
2011-05-27 12:00:00,204.06496404665072
2011-05-27 13:00:00,219.4079652740046
2011-05-27 14:00:00,198.33159975433048
2011-05-27 15:00:00,207.2869192907788
2011-05-27 16:00:00,293.2527889822376
2011-05-27 17:00:00,505.87145243003516
2011-05-27 18:00:00,455.90662123745307
2011-05-27 19:00:00,248.08193902719296
2011-05-27 20:00:00,206.64080680222946
2011-05-27 21:00:00,182.4721366182961
2011-05-27 22:00:00,178.66342113457975
2011-05-27 23:00:00,139.5184380180201
2011-05-28 00:00:00,103.2034422793938
2011-05-28 01:00:00,79.76819060946984
2011-05-28 02:00:00,55.8834618596546
2011-05-28 03:00:00,25.343620127818074
2011-05-28 04:00:00,9.180694387515038
2011-05-28 05:00:00,11.109621690161473
2011-05-28 06:00:00,23.520448878999314
2011-05-28 07:00:00,55.532505146087736
2011-05-28 08:00:00,121.20876052228766
2011-05-28 09:00:00,182.25315052677558
2011-05-28 10:00:00,299.6251196329343
2011-05-28 11:00:00,355.7349417613991
2011-05-28 12:00:00,423.7658139693209
2011-05-28 13:00:00,423.85211027575053
2011-05-28 14:00:00,391.6881966995543
2011-05-28 15:00:00,385.52396274958204
2011-05-28 16:00:00,422.0286072996862
2011-05-28 17:00:00,408.9274447525637
2011-05-28 18:00:00,372.40971393666234
2011-05-28 19:00:00,335.8117728328138
2011-05-28 20:00:00,272.5007668871823
2011-05-28 21:00:00,193.55640622853178
2011-05-28 22:00:00,171.5390535766105
2011-05-28 23:00:00,127.5456252658065
2011-05-29 00:00:00,95.6133362543995
2011-05-29 01:00:00,87.63050498828427
2011-05-29 02:00:00,69.36239036048622
2011-05-29 03:00:00,32.088852542681664
2011-05-29 04:00:00,9.914544904467986
2011-05-29 05:00:00,9.232349238837068
2011-05-29 06:00:00,12.987766188499213
2011-05-29 07:00:00,28.093075881742518
2011-05-29 08:00:00,63.94415346290522
2011-05-29 09:00:00,63.937099715461486
2011-05-29 10:00:00,203.23253648806036
2011-05-29 11:00:00,233.05411279991316
2011-05-29 12:00:00,357.92460454384974
2011-05-29 13:00:00,380.88189937258477
2011-05-29 14:00:00,357.4093231831233
2011-05-29 15:00:00,347.5304273948176
2011-05-29 16:00:00,377.9517901656456
2011-05-29 17:00:00,345.9487283140698
2011-05-29 18:00:00,279.15717261687973
2011-05-29 19:00:00,259.59417665133685
2011-05-29 20:00:00,182.39452749053382
2011-05-29 21:00:00,175.43411754157017
2011-05-29 22:00:00,128.88115975366392
2011-05-29 23:00:00,95.55335821669861
2011-05-30 00:00:00,57.12806770970165
2011-05-30 01:00:00,55.78483351390072
2011-05-30 02:00:00,26.950128112979943
2011-05-30 03:00:00,8.368454187352832
2011-05-30 04:00:00,6.555139337635908
2011-05-30 05:00:00,12.840646005581547
2011-05-30 06:00:00,18.574145880010207
2011-05-30 07:00:00,43.560075742260416
2011-05-30 08:00:00,102.19052213109521
2011-05-30 09:00:00,172.7669457719624
2011-05-30 10:00:00,224.32555077266795
2011-05-30 11:00:00,265.8030183753535
2011-05-30 12:00:00,277.6534938793218
2011-05-30 13:00:00,277.65486242128463
2011-05-30 14:00:00,262.66666554220075
2011-05-30 15:00:00,248.89530446368386
2011-05-30 16:00:00,301.1915074975283
2011-05-30 17:00:00,399.30295828784284
2011-05-30 18:00:00,376.33964305498915
2011-05-30 19:00:00,264.8113454338922
2011-05-30 20:00:00,299.52562057439883
2011-05-30 21:00:00,225.89224544912557
2011-05-30 22:00:00,146.93396710747487
2011-05-30 23:00:00,69.30253272362643
2011-05-31 00:00:00,30.63686508670762
2011-05-31 01:00:00,14.15095765817808
2011-05-31 02:00:00,7.763852668438112
2011-05-31 03:00:00,3.533557665549524
2011-05-31 04:00:00,5.081335685113921
2011-05-31 05:00:00,23.38509130737095
2011-05-31 06:00:00,108.70186877636112
2011-05-31 07:00:00,294.91100250475887
2011-05-31 08:00:00,408.29694412424885
2011-05-31 09:00:00,220.69768845577383
2011-05-31 10:00:00,110.44804646386382
2011-05-31 11:00:00,121.33561042154344
2011-05-31 12:00:00,158.25122524849613
2011-05-31 13:00:00,147.9539892978464
2011-05-31 14:00:00,136.88263621010657
2011-05-31 15:00:00,145.2532424649963
2011-05-31 16:00:00,234.4911901426044
2011-05-31 17:00:00,542.1871525449515
2011-05-31 18:00:00,528.6285721347363
2011-05-31 19:00:00,407.4834928568693
2011-05-31 20:00:00,291.5629290423218
2011-05-31 21:00:00,219.96504038228977
2011-05-31 22:00:00,157.78662876140385
2011-05-31 23:00:00,91.77103045504687
2011-06-20 00:00:00,35.048119511448206
2011-06-20 01:00:00,13.294140327260745
2011-06-20 02:00:00,6.37611412606919
2011-06-20 03:00:00,3.8186642061660248
2011-06-20 04:00:00,4.424737425483887
2011-06-20 05:00:00,18.21802520477667
2011-06-20 06:00:00,75.34784898727261
2011-06-20 07:00:00,178.92713433225597
2011-06-20 08:00:00,293.422269951838
2011-06-20 09:00:00,211.11974800209032
2011-06-20 10:00:00,107.36379969459075
2011-06-20 11:00:00,123.91687325611781
2011-06-20 12:00:00,168.87808641452526
2011-06-20 13:00:00,176.03007523583193
2011-06-20 14:00:00,165.1387399538307
2011-06-20 15:00:00,174.2543932846495
2011-06-20 16:00:00,284.71107279586954
2011-06-20 17:00:00,548.3310354407955
2011-06-20 18:00:00,550.5875250045852
2011-06-20 19:00:00,401.42430709319484
2011-06-20 20:00:00,274.24482118556915
2011-06-20 21:00:00,195.77155889509393
2011-06-20 22:00:00,123.93785943956988
2011-06-20 23:00:00,68.38328172034612
2011-06-21 00:00:00,33.00581286494339
2011-06-21 01:00:00,12.386090522762814
2011-06-21 02:00:00,5.580772264679025
2011-06-21 03:00:00,3.9968084536116635
2011-06-21 04:00:00,4.804179429418822
2011-06-21 05:00:00,20.012651229162717
2011-06-21 06:00:00,92.62552855411062
2011-06-21 07:00:00,143.09496417871634
2011-06-21 08:00:00,353.38236631490554
2011-06-21 09:00:00,176.24627711034267
2011-06-21 10:00:00,108.43926121591493
2011-06-21 11:00:00,121.32417998087473
2011-06-21 12:00:00,175.15551311420367
2011-06-21 13:00:00,179.093893903096
2011-06-21 14:00:00,169.00507418065698
2011-06-21 15:00:00,178.0540043658712
2011-06-21 16:00:00,289.6759393160966
2011-06-21 17:00:00,550.8933527703985
2011-06-21 18:00:00,508.7127105443425
2011-06-21 19:00:00,357.3969160660397
2011-06-21 20:00:00,257.6505904548623
2011-06-21 21:00:00,217.613260407627
2011-06-21 22:00:00,170.6510122356967
2011-06-21 23:00:00,97.96249050885534
2011-06-22 00:00:00,39.42286830280173
2011-06-22 01:00:00,17.088422174334507
2011-06-22 02:00:00,7.6988505431569045
2011-06-22 03:00:00,6.17454665665218
2011-06-22 04:00:00,5.205188820744495
2011-06-22 05:00:00,20.314058940879892
2011-06-22 06:00:00,97.01582974470608
2011-06-22 07:00:00,302.63216885589065
2011-06-22 08:00:00,437.75848221132816
2011-06-22 09:00:00,240.69794017547852
2011-06-22 10:00:00,121.0244998937139
2011-06-22 11:00:00,132.9595784440766
2011-06-22 12:00:00,176.82278458864673
2011-06-22 13:00:00,161.4822006441175
2011-06-22 14:00:00,160.82232336457358
2011-06-22 15:00:00,158.5367448128896
2011-06-22 16:00:00,246.56229218009068
2011-06-22 17:00:00,498.0428257196821
2011-06-22 18:00:00,510.2841232580898
2011-06-22 19:00:00,391.0527800620734
2011-06-22 20:00:00,269.47234869864445
2011-06-22 21:00:00,214.7635161042406
2011-06-22 22:00:00,161.0227890905334
2011-06-22 23:00:00,87.82453634996925
2011-06-23 00:00:00,39.37194220652569
2011-06-23 01:00:00,18.20915456379635
2011-06-23 02:00:00,10.08559215510824
2011-06-23 03:00:00,6.285171633956813
2011-06-23 04:00:00,6.405705639043627
2011-06-23 05:00:00,23.058504936474247
2011-06-23 06:00:00,109.15988275603492
2011-06-23 07:00:00,311.59550380314465
2011-06-23 08:00:00,439.48037091949703
2011-06-23 09:00:00,239.99184656212688
2011-06-23 10:00:00,124.4372510276662
2011-06-23 11:00:00,117.91350535732535
2011-06-23 12:00:00,177.80320561350123
2011-06-23 13:00:00,180.27040362710966
2011-06-23 14:00:00,162.9543226306422
2011-06-23 15:00:00,172.48813436281034
2011-06-23 16:00:00,273.7729615123744
2011-06-23 17:00:00,467.11259462956923
2011-06-23 18:00:00,486.7331067571379
2011-06-23 19:00:00,363.583582061299
2011-06-23 20:00:00,263.71083428605425
2011-06-23 21:00:00,214.37955966942093
2011-06-23 22:00:00,160.523829214313
2011-06-23 23:00:00,113.90384949102769
2011-06-24 00:00:00,56.96217198994996
2011-06-24 01:00:00,22.1575114324903
2011-06-24 02:00:00,11.455177185206564
2011-06-24 03:00:00,6.635409687551067
2011-06-24 04:00:00,6.161806742390671
2011-06-24 05:00:00,20.72340926906191
2011-06-24 06:00:00,99.14450389154705
2011-06-24 07:00:00,253.82271823125154
2011-06-24 08:00:00,413.6472603889642
2011-06-24 09:00:00,249.63506582792786
2011-06-24 10:00:00,150.50373477273658
2011-06-24 11:00:00,187.05523410094986
2011-06-24 12:00:00,236.48865942652878
2011-06-24 13:00:00,230.69505094225468
2011-06-24 14:00:00,215.974225722344
2011-06-24 15:00:00,225.3960754607384
2011-06-24 16:00:00,336.65731807135074
2011-06-24 17:00:00,555.4671540736329
2011-06-24 18:00:00,499.6420292062919
2011-06-24 19:00:00,367.60440955226164
2011-06-24 20:00:00,272.62163718017234
2011-06-24 21:00:00,219.20903160360987
2011-06-24 22:00:00,191.99100872267474
2011-06-24 23:00:00,150.91233465160727
2011-06-25 00:00:00,116.68665500626726
2011-06-25 01:00:00,90.45646324631603
2011-06-25 02:00:00,60.85598843401964
2011-06-25 03:00:00,26.352476835215686
2011-06-25 04:00:00,8.899758754667193
2011-06-25 05:00:00,11.529797550064046
2011-06-25 06:00:00,22.574936910926628
2011-06-25 07:00:00,63.0855721401833
2011-06-25 08:00:00,126.43598260504048
2011-06-25 09:00:00,202.30470859778322
2011-06-25 10:00:00,312.8122483042883
2011-06-25 11:00:00,365.28102597922714
2011-06-25 12:00:00,447.6126120500019
2011-06-25 13:00:00,445.8621777897569
2011-06-25 14:00:00,427.50659204408254
2011-06-25 15:00:00,408.9504471082625
2011-06-25 16:00:00,460.759133621899
2011-06-25 17:00:00,437.72737110916125
2011-06-25 18:00:00,400.3924640668184
2011-06-25 19:00:00,326.5742897321693
2011-06-25 20:00:00,281.93127952119767
2011-06-25 21:00:00,232.1582394175279
2011-06-25 22:00:00,197.53276345200135
2011-06-25 23:00:00,136.57286681134025
2011-06-26 00:00:00,119.70457819571564
2011-06-26 01:00:00,94.94026500819321
2011-06-26 02:00:00,73.70368064778314
2011-06-26 03:00:00,32.219460074511005
2011-06-26 04:00:00,10.20342055206157
2011-06-26 05:00:00,10.623658936669086
2011-06-26 06:00:00,19.253251223394795
2011-06-26 07:00:00,52.1476847148582
2011-06-26 08:00:00,105.38555627175349
2011-06-26 09:00:00,187.1112953853418
2011-06-26 10:00:00,291.43913777885894
2011-06-26 11:00:00,372.22906288373576
2011-06-26 12:00:00,455.9549937447026
2011-06-26 13:00:00,453.3565883517241
2011-06-26 14:00:00,416.8617251539068
2011-06-26 15:00:00,415.2696318080976
2011-06-26 16:00:00,438.57994057701234
2011-06-26 17:00:00,403.8851608485844
2011-06-26 18:00:00,347.21871526193837
2011-06-26 19:00:00,301.297426510822
2011-06-26 20:00:00,240.93415862838077
2011-06-26 21:00:00,189.11787943421373
2011-06-26 22:00:00,160.8295224495886
2011-06-26 23:00:00,84.54971492794195
2011-06-27 00:00:00,27.028671474474418
2011-06-27 01:00:00,13.981444019026684
2011-06-27 02:00:00,8.053706476484582
2011-06-27 03:00:00,5.223559779963089
2011-06-27 04:00:00,4.882353119392091
2011-06-27 05:00:00,18.648157668392003
2011-06-27 06:00:00,101.6927382850637
2011-06-27 07:00:00,274.4046777235639
2011-06-27 08:00:00,418.76505207902125
2011-06-27 09:00:00,234.0314169958656
2011-06-27 10:00:00,119.60341917509497
2011-06-27 11:00:00,135.5347821298052
2011-06-27 12:00:00,188.71309610624184
2011-06-27 13:00:00,178.6859874840825
2011-06-27 14:00:00,164.1700324752505
2011-06-27 15:00:00,176.2369686311624
2011-06-27 16:00:00,289.7473716920919
2011-06-27 17:00:00,547.3763878270179
2011-06-27 18:00:00,545.9201410094529
2011-06-27 19:00:00,405.6824468418212
2011-06-27 20:00:00,294.494617025392
2011-06-27 21:00:00,211.0443151032884
2011-06-27 22:00:00,149.08466355745833
2011-06-27 23:00:00,79.99631443186067
2011-06-28 00:00:00,36.89590500689562
2011-06-28 01:00:00,14.542613265611052
2011-06-28 02:00:00,7.842809349170643
2011-06-28 03:00:00,5.9770340563193605
2011-06-28 04:00:00,6.136859397813183
2011-06-28 05:00:00,24.69799475140979
2011-06-28 06:00:00,98.10415975091246
2011-06-28 07:00:00,294.43771445827815
2011-06-28 08:00:00,423.44313903617814
2011-06-28 09:00:00,236.2028774689637
2011-06-28 10:00:00,118.89318224429435
2011-06-28 11:00:00,134.42307125656473
2011-06-28 12:00:00,182.85948775752829
2011-06-28 13:00:00,184.14977865420346
2011-06-28 14:00:00,145.03789123976068
2011-06-28 15:00:00,157.3444408832559
2011-06-28 16:00:00,240.28363085829236
2011-06-28 17:00:00,565.9147126915366
2011-06-28 18:00:00,516.3798088352917
2011-06-28 19:00:00,355.78762983821963
2011-06-28 20:00:00,302.53842087561276
2011-06-28 21:00:00,211.8009978439229
2011-06-28 22:00:00,152.82697639855942
2011-06-28 23:00:00,90.94812811257106
2011-06-29 00:00:00,32.253008186480926
2011-06-29 01:00:00,13.752000977753776
2011-06-29 02:00:00,6.630086364759234
2011-06-29 03:00:00,5.35972065918297
2011-06-29 04:00:00,5.6704045021471225
2011-06-29 05:00:00,21.639650452136312
2011-06-29 06:00:00,109.22116058890093
2011-06-29 07:00:00,312.9802633205609
2011-06-29 08:00:00,433.8989090549941
2011-06-29 09:00:00,243.23275194698942
2011-06-29 10:00:00,129.76434088561757
2011-06-29 11:00:00,140.27240054625364
2011-06-29 12:00:00,191.58951635110623
2011-06-29 13:00:00,179.73637260015445
2011-06-29 14:00:00,167.56792093606225
2011-06-29 15:00:00,179.10846699960547
2011-06-29 16:00:00,276.30838614441427
2011-06-29 17:00:00,551.9619766480715
2011-06-29 18:00:00,517.5291028766206
2011-06-29 19:00:00,393.71041191194087
2011-06-29 20:00:00,294.71087986362267
2011-06-29 21:00:00,237.34820561817
2011-06-29 22:00:00,173.0422309800351
2011-06-29 23:00:00,100.16692335718967
2011-06-30 00:00:00,44.84450965958602
2011-06-30 01:00:00,18.760407368978065
2011-06-30 02:00:00,10.615929845686917
2011-06-30 03:00:00,6.897745784600489
2011-06-30 04:00:00,6.782529255140736
2011-06-30 05:00:00,25.29571265731415
2011-06-30 06:00:00,109.4706335979091
2011-06-30 07:00:00,302.2798826072138
2011-06-30 08:00:00,452.08888224537014
2011-06-30 09:00:00,249.171952532332
2011-06-30 10:00:00,137.2349036516293
2011-06-30 11:00:00,156.90378310893038
2011-06-30 12:00:00,207.21776860891902
2011-06-30 13:00:00,204.1906214072919
2011-06-30 14:00:00,186.14904774850595
2011-06-30 15:00:00,210.89876777193794
2011-06-30 16:00:00,311.2150922378276
2011-06-30 17:00:00,526.6048130434486
2011-06-30 18:00:00,550.2046291682486
2011-06-30 19:00:00,416.0481943590222
2011-06-30 20:00:00,303.14888252126127
2011-06-30 21:00:00,238.93784167412517
2011-06-30 22:00:00,187.23822117800935
2011-06-30 23:00:00,124.59291013752552
2011-07-20 00:00:00,31.878926672790847
2011-07-20 01:00:00,11.888551247583273
2011-07-20 02:00:00,5.345536480857092
2011-07-20 03:00:00,4.6088971550849545
2011-07-20 04:00:00,5.526371429413829
2011-07-20 05:00:00,23.481481994379916
2011-07-20 06:00:00,102.35936269540991
2011-07-20 07:00:00,297.5632514626182
2011-07-20 08:00:00,435.1424286221007
2011-07-20 09:00:00,235.60049951932032
2011-07-20 10:00:00,121.3092091345371
2011-07-20 11:00:00,122.48427230505692
2011-07-20 12:00:00,165.79507957512592
2011-07-20 13:00:00,159.79475894291537
2011-07-20 14:00:00,143.6163203022509
2011-07-20 15:00:00,149.82297169872032
2011-07-20 16:00:00,251.95226047162603
2011-07-20 17:00:00,515.7681312843108
2011-07-20 18:00:00,510.7384503598749
2011-07-20 19:00:00,352.5177514702861
2011-07-20 20:00:00,258.2508302072841
2011-07-20 21:00:00,225.522617257697
2011-07-20 22:00:00,166.29225861363759
2011-07-20 23:00:00,105.76177673113945
2011-07-21 00:00:00,41.74470943332492
2011-07-21 01:00:00,14.202113641025463
2011-07-21 02:00:00,6.944858526793348
2011-07-21 03:00:00,5.772001874028103
2011-07-21 04:00:00,5.780056389678293
2011-07-21 05:00:00,21.841376301093774
2011-07-21 06:00:00,101.74092837584698
2011-07-21 07:00:00,293.59186766274416
2011-07-21 08:00:00,443.0702669693956
2011-07-21 09:00:00,206.9505908127518
2011-07-21 10:00:00,106.96554420598224
2011-07-21 11:00:00,127.8869924439274
2011-07-21 12:00:00,169.02688449115152
2011-07-21 13:00:00,165.9279527339801
2011-07-21 14:00:00,153.4799410499543
2011-07-21 15:00:00,154.6530897930797
2011-07-21 16:00:00,236.58996633010074
2011-07-21 17:00:00,454.39309091212186
2011-07-21 18:00:00,445.09047168709765
2011-07-21 19:00:00,334.9518139025795
2011-07-21 20:00:00,249.44887868134
2011-07-21 21:00:00,202.15200737531288
2011-07-21 22:00:00,152.71204582772825
2011-07-21 23:00:00,107.80368301380477
2011-07-22 00:00:00,48.42168519243748
2011-07-22 01:00:00,20.099565700751292
2011-07-22 02:00:00,10.409778040245099
2011-07-22 03:00:00,5.9474426226826775
2011-07-22 04:00:00,6.2305220814250575
2011-07-22 05:00:00,22.439124860770622
2011-07-22 06:00:00,106.29551284990076
2011-07-22 07:00:00,238.68269458208283
2011-07-22 08:00:00,296.28405873583154
2011-07-22 09:00:00,180.313615811518
2011-07-22 10:00:00,110.01018675058455
2011-07-22 11:00:00,132.84827333256922
2011-07-22 12:00:00,168.3748620173056
2011-07-22 13:00:00,166.27608519690457
2011-07-22 14:00:00,178.4423597763497
2011-07-22 15:00:00,184.89324804221656
2011-07-22 16:00:00,260.652211554199
2011-07-22 17:00:00,405.6859759558033
2011-07-22 18:00:00,408.95705960285017
2011-07-22 19:00:00,310.0960070705817
2011-07-22 20:00:00,241.549430133957
2011-07-22 21:00:00,200.98217819042344
2011-07-22 22:00:00,163.91201995143035
2011-07-22 23:00:00,131.06498565561895
2011-07-23 00:00:00,98.43489412711011
2011-07-23 01:00:00,81.21082349607569
2011-07-23 02:00:00,56.04755404682281
2011-07-23 03:00:00,23.073079702643394
2011-07-23 04:00:00,8.343360420924965
2011-07-23 05:00:00,10.838359664589154
2011-07-23 06:00:00,20.51881646401305
2011-07-23 07:00:00,55.1748614204601
2011-07-23 08:00:00,110.0460943889751
2011-07-23 09:00:00,160.6808579018138
2011-07-23 10:00:00,252.0332034917655
2011-07-23 11:00:00,275.8016580600502
2011-07-23 12:00:00,248.5561916219642
2011-07-23 13:00:00,252.564121263384
2011-07-23 14:00:00,263.9211449969052
2011-07-23 15:00:00,240.01609254255283
2011-07-23 16:00:00,277.11234367056517
2011-07-23 17:00:00,263.4854857266447
2011-07-23 18:00:00,275.1913889697234
2011-07-23 19:00:00,294.2672552043446
2011-07-23 20:00:00,264.0124487839117
2011-07-23 21:00:00,213.10981144625646
2011-07-23 22:00:00,184.328302863402
2011-07-23 23:00:00,142.93224126063288
2011-07-24 00:00:00,106.34396040457426
2011-07-24 01:00:00,84.25748925632372
2011-07-24 02:00:00,59.98547366685897
2011-07-24 03:00:00,25.816853849986412
2011-07-24 04:00:00,9.163087439197808
2011-07-24 05:00:00,9.141425460034643
2011-07-24 06:00:00,16.23224030974713
2011-07-24 07:00:00,46.941433891074105
2011-07-24 08:00:00,92.72892958687343
2011-07-24 09:00:00,158.38385046919603
2011-07-24 10:00:00,251.13271241197376
2011-07-24 11:00:00,325.30867597526947
2011-07-24 12:00:00,283.47741344455744
2011-07-24 13:00:00,357.4573301545025
2011-07-24 14:00:00,350.1625243115524
2011-07-24 15:00:00,294.01840684910326
2011-07-24 16:00:00,324.1579260558102
2011-07-24 17:00:00,293.00942500574325
2011-07-24 18:00:00,285.5781337790547
2011-07-24 19:00:00,275.5765102404414
2011-07-24 20:00:00,226.03870284505803
2011-07-24 21:00:00,175.92660973067728
2011-07-24 22:00:00,147.6954726461792
2011-07-24 23:00:00,86.63472241639357
2011-07-25 00:00:00,38.247183519829036
2011-07-25 01:00:00,17.4307655532072
2011-07-25 02:00:00,7.124184733689436
2011-07-25 03:00:00,4.860348076372148
2011-07-25 04:00:00,4.93561313816262
2011-07-25 05:00:00,18.276543423854324
2011-07-25 06:00:00,84.51621555092402
2011-07-25 07:00:00,275.32219241057135
2011-07-25 08:00:00,399.8991730672574
2011-07-25 09:00:00,199.0084575068089
2011-07-25 10:00:00,107.23036776135702
2011-07-25 11:00:00,118.1451513340436
2011-07-25 12:00:00,158.24613018602147
2011-07-25 13:00:00,163.24334757290777
2011-07-25 14:00:00,132.40301312849485
2011-07-25 15:00:00,134.77105055665052
2011-07-25 16:00:00,192.6551875190063
2011-07-25 17:00:00,488.2676646199703
2011-07-25 18:00:00,493.2092789480866
2011-07-25 19:00:00,398.30509085565456
2011-07-25 20:00:00,259.73558145551453
2011-07-25 21:00:00,160.43539628466743
2011-07-25 22:00:00,127.1214811932912
2011-07-25 23:00:00,67.39808393355943
2011-07-26 00:00:00,33.01482882236484
2011-07-26 01:00:00,14.469298175766182
2011-07-26 02:00:00,6.958623783813008
2011-07-26 03:00:00,5.2748086305276765
2011-07-26 04:00:00,5.7714700367475364
2011-07-26 05:00:00,20.939024130045734
2011-07-26 06:00:00,100.58106297190737
2011-07-26 07:00:00,295.273176126418
2011-07-26 08:00:00,416.3602685683381
2011-07-26 09:00:00,238.77233809302265
2011-07-26 10:00:00,119.61657459748452
2011-07-26 11:00:00,132.38811576760227
2011-07-26 12:00:00,192.71517239294485
2011-07-26 13:00:00,182.55706435171206
2011-07-26 14:00:00,165.19843932002686
2011-07-26 15:00:00,173.5361089073597
2011-07-26 16:00:00,269.4661906144197
2011-07-26 17:00:00,537.1256122589637
2011-07-26 18:00:00,530.0094394821273
2011-07-26 19:00:00,390.05762584495534
2011-07-26 20:00:00,307.7556211339631
2011-07-26 21:00:00,235.3326825544498
2011-07-26 22:00:00,167.7892618055078
2011-07-26 23:00:00,96.81493846403656
2011-07-27 00:00:00,38.630172844726665
2011-07-27 01:00:00,15.11469093289098
2011-07-27 02:00:00,7.310202215340043
2011-07-27 03:00:00,5.291393318503832
2011-07-27 04:00:00,5.736177230998446
2011-07-27 05:00:00,24.94265210950925
2011-07-27 06:00:00,111.43143568579508
2011-07-27 07:00:00,307.4034258715156
2011-07-27 08:00:00,442.734781589329
2011-07-27 09:00:00,239.669248761614
2011-07-27 10:00:00,120.66245320773753
2011-07-27 11:00:00,132.06367846646927
2011-07-27 12:00:00,184.61731270103365
2011-07-27 13:00:00,181.21959309013803
2011-07-27 14:00:00,169.45379927124497
2011-07-27 15:00:00,182.08096353179013
2011-07-27 16:00:00,311.6737421364055
2011-07-27 17:00:00,589.9970139546916
2011-07-27 18:00:00,538.7854285614734
2011-07-27 19:00:00,402.0864414367255
2011-07-27 20:00:00,306.13325184423525
2011-07-27 21:00:00,232.14391888566462
2011-07-27 22:00:00,169.68268959211557
2011-07-27 23:00:00,96.55614545951914
2011-07-28 00:00:00,44.720458956718396
2011-07-28 01:00:00,18.598621207083458
2011-07-28 02:00:00,11.153181003037318
2011-07-28 03:00:00,6.132160349710029
2011-07-28 04:00:00,6.79681331028938
2011-07-28 05:00:00,24.118601660839907
2011-07-28 06:00:00,112.34199581377624
2011-07-28 07:00:00,311.13398362438534
2011-07-28 08:00:00,422.28931577314364
2011-07-28 09:00:00,228.20353158622515
2011-07-28 10:00:00,127.20021438989386
2011-07-28 11:00:00,134.08201413557342
2011-07-28 12:00:00,182.6290183323405
2011-07-28 13:00:00,170.41708279224224
2011-07-28 14:00:00,155.36886916371236
2011-07-28 15:00:00,159.4559400735347
2011-07-28 16:00:00,254.4482881094474
2011-07-28 17:00:00,517.8347460115656
2011-07-28 18:00:00,486.8145527398566
2011-07-28 19:00:00,379.6450382199801
2011-07-28 20:00:00,275.95233191744774
2011-07-28 21:00:00,211.7052167356835
2011-07-28 22:00:00,169.62711889397312
2011-07-28 23:00:00,126.97375480024849
2011-07-29 00:00:00,53.40974595263796
2011-07-29 01:00:00,22.250828212627756
2011-07-29 02:00:00,11.44752355997781
2011-07-29 03:00:00,6.165593020657831
2011-07-29 04:00:00,5.818874896464674
2011-07-29 05:00:00,21.299253663486272
2011-07-29 06:00:00,99.60889127020222
2011-07-29 07:00:00,279.10892862479346
2011-07-29 08:00:00,396.73286611841934
2011-07-29 09:00:00,205.91228896028383
2011-07-29 10:00:00,132.26609357684322
2011-07-29 11:00:00,158.83297439911084
2011-07-29 12:00:00,180.85466030878393
2011-07-29 13:00:00,162.26028789294946
2011-07-29 14:00:00,153.30534255863475
2011-07-29 15:00:00,160.48098492441363
2011-07-29 16:00:00,260.9158346276936
2011-07-29 17:00:00,406.85666182015933
2011-07-29 18:00:00,413.32106200712514
2011-07-29 19:00:00,308.18207614226037
2011-07-29 20:00:00,232.01679059803254
2011-07-29 21:00:00,210.79956193053914
2011-07-29 22:00:00,183.44942785392027
2011-07-29 23:00:00,141.5945002647116
2011-07-30 00:00:00,109.80886591477834
2011-07-30 01:00:00,85.94154344049709
2011-07-30 02:00:00,61.81657582790458
2011-07-30 03:00:00,26.039484592418752
2011-07-30 04:00:00,8.679963580057054
2011-07-30 05:00:00,10.625569032047029
2011-07-30 06:00:00,23.365103221654824
2011-07-30 07:00:00,56.177988401139366
2011-07-30 08:00:00,113.4651002496063
2011-07-30 09:00:00,177.87968913910606
2011-07-30 10:00:00,289.5889266446551
2011-07-30 11:00:00,327.04444324633266
2011-07-30 12:00:00,393.0138797502961
2011-07-30 13:00:00,375.95585652927605
2011-07-30 14:00:00,300.9093041779141
2011-07-30 15:00:00,286.66556126119355
2011-07-30 16:00:00,340.37852166255306
2011-07-30 17:00:00,307.2938264132786
2011-07-30 18:00:00,330.0634733030465
2011-07-30 19:00:00,329.81350692084476
2011-07-30 20:00:00,258.31104427135153
2011-07-30 21:00:00,216.60035671312488
2011-07-30 22:00:00,187.9076476857968
2011-07-30 23:00:00,146.97670161903702
2011-07-31 00:00:00,110.30152764127008
2011-07-31 01:00:00,91.32506408600844
2011-07-31 02:00:00,65.17845029972419
2011-07-31 03:00:00,28.474668302182362
2011-07-31 04:00:00,9.672895701590852
2011-07-31 05:00:00,9.67077886927247
2011-07-31 06:00:00,17.314532653738315
2011-07-31 07:00:00,50.50183093243052
2011-07-31 08:00:00,96.72861613522639
2011-07-31 09:00:00,169.24904314970738
2011-07-31 10:00:00,259.2061882632273
2011-07-31 11:00:00,283.5338562260642
2011-07-31 12:00:00,392.5384929394627
2011-07-31 13:00:00,382.4319073490971
2011-07-31 14:00:00,359.0454599804016
2011-07-31 15:00:00,356.2341736416392
2011-07-31 16:00:00,379.07106698992897
2011-07-31 17:00:00,333.39129610528886
2011-07-31 18:00:00,306.90836200140353
2011-07-31 19:00:00,272.7148793124768
2011-07-31 20:00:00,217.20460492903314
2011-07-31 21:00:00,173.40380680468277
2011-07-31 22:00:00,137.02642296470896
2011-07-31 23:00:00,93.37008435654876
2011-08-20 00:00:00,95.8831789905701
2011-08-20 01:00:00,79.96709939738241
2011-08-20 02:00:00,65.41306058671351
2011-08-20 03:00:00,26.198637253737353
2011-08-20 04:00:00,7.398403112807701
2011-08-20 05:00:00,10.966631519563549
2011-08-20 06:00:00,19.251899151502567
2011-08-20 07:00:00,50.78813096593479
2011-08-20 08:00:00,134.4344608150732
2011-08-20 09:00:00,188.6067598170291
2011-08-20 10:00:00,302.4943176732325
2011-08-20 11:00:00,356.748142616327
2011-08-20 12:00:00,424.4726310300338
2011-08-20 13:00:00,407.2219409408776
2011-08-20 14:00:00,388.55618736440374
2011-08-20 15:00:00,388.0781611221408
2011-08-20 16:00:00,420.89607482806025
2011-08-20 17:00:00,383.09167793135714
2011-08-20 18:00:00,372.45543495823216
2011-08-20 19:00:00,352.0810125497712
2011-08-20 20:00:00,288.1242069679651
2011-08-20 21:00:00,217.88796416633832
2011-08-20 22:00:00,165.8688641073316
2011-08-20 23:00:00,143.01589365012535
2011-08-21 00:00:00,108.13233743903075
2011-08-21 01:00:00,88.3402177432012
2011-08-21 02:00:00,71.38095949620279
2011-08-21 03:00:00,30.12143354790858
2011-08-21 04:00:00,7.796063708104313
2011-08-21 05:00:00,9.412010546548604
2011-08-21 06:00:00,13.270632163614685
2011-08-21 07:00:00,42.76495259965474
2011-08-21 08:00:00,81.51088521028744
2011-08-21 09:00:00,156.97900876102005
2011-08-21 10:00:00,253.21173428969942
2011-08-21 11:00:00,317.2488402601118
2011-08-21 12:00:00,365.94681160489483
2011-08-21 13:00:00,389.46411559365214
2011-08-21 14:00:00,272.5709196221718
2011-08-21 15:00:00,276.82881430145335
2011-08-21 16:00:00,312.5225634062254
2011-08-21 17:00:00,274.8812729476015
2011-08-21 18:00:00,261.44786380929145
2011-08-21 19:00:00,291.3692659687056
2011-08-21 20:00:00,186.82022513292935
2011-08-21 21:00:00,167.053215920467
2011-08-21 22:00:00,130.1514192007663
2011-08-21 23:00:00,97.21056800503032
2011-08-22 00:00:00,35.05399677914118
2011-08-22 01:00:00,15.445122795038685
2011-08-22 02:00:00,9.509033769742171
2011-08-22 03:00:00,5.330280026800484
2011-08-22 04:00:00,6.214274783728231
2011-08-22 05:00:00,23.938504484395615
2011-08-22 06:00:00,105.0468269957092
2011-08-22 07:00:00,296.32452876213586
2011-08-22 08:00:00,423.501236710081
2011-08-22 09:00:00,233.2166810981059
2011-08-22 10:00:00,123.44742067365831
2011-08-22 11:00:00,138.98391409563678
2011-08-22 12:00:00,191.83282995381686
2011-08-22 13:00:00,170.5043150077417
2011-08-22 14:00:00,175.00036778739235
2011-08-22 15:00:00,179.64919754642276
2011-08-22 16:00:00,283.84356563226714
2011-08-22 17:00:00,544.1678709850321
2011-08-22 18:00:00,527.1365876718289
2011-08-22 19:00:00,362.5301470473755
2011-08-22 20:00:00,300.67462521644217
2011-08-22 21:00:00,217.58616229105937
2011-08-22 22:00:00,130.68210450846297
2011-08-22 23:00:00,78.97899216411149
2011-08-23 00:00:00,32.10947625050452
2011-08-23 01:00:00,13.134164338321144
2011-08-23 02:00:00,7.671085033442937
2011-08-23 03:00:00,4.725530079128037
2011-08-23 04:00:00,5.646322843036897
2011-08-23 05:00:00,24.358707490514384
2011-08-23 06:00:00,106.02862220958114
2011-08-23 07:00:00,312.703666250875
2011-08-23 08:00:00,435.51537724314204
2011-08-23 09:00:00,253.7236741088789
2011-08-23 10:00:00,130.54912493247642
2011-08-23 11:00:00,140.37571087692143
2011-08-23 12:00:00,199.26029647037538
2011-08-23 13:00:00,196.1416030371856
2011-08-23 14:00:00,179.84634217530834
2011-08-23 15:00:00,188.99154239872584
2011-08-23 16:00:00,311.01872402131403
2011-08-23 17:00:00,589.4490989704778
2011-08-23 18:00:00,572.548560586754
2011-08-23 19:00:00,423.5756437543725
2011-08-23 20:00:00,306.6757324300577
2011-08-23 21:00:00,233.44866808699263
2011-08-23 22:00:00,173.6299616094882
2011-08-23 23:00:00,93.08046948012434
2011-08-24 00:00:00,33.06438265522624
2011-08-24 01:00:00,14.55792609626941
2011-08-24 02:00:00,7.836725130099872
2011-08-24 03:00:00,5.383530268902301
2011-08-24 04:00:00,6.199803453938309
2011-08-24 05:00:00,25.687063764092322
2011-08-24 06:00:00,113.5573721301205
2011-08-24 07:00:00,299.63869304235186
2011-08-24 08:00:00,433.2997717402893
2011-08-24 09:00:00,233.56958244867243
2011-08-24 10:00:00,131.3520466680821
2011-08-24 11:00:00,144.51498943576306
2011-08-24 12:00:00,183.5740841823004
2011-08-24 13:00:00,183.421944395235
2011-08-24 14:00:00,172.0797080159497
2011-08-24 15:00:00,173.52173804274014
2011-08-24 16:00:00,270.88720587658906
2011-08-24 17:00:00,529.3211633441584
2011-08-24 18:00:00,522.2854695655433
2011-08-24 19:00:00,391.8209310396251
2011-08-24 20:00:00,290.4113711282567
2011-08-24 21:00:00,222.15377345686431
2011-08-24 22:00:00,163.02034454695334
2011-08-24 23:00:00,93.48316522225025
2011-08-25 00:00:00,43.77308692737025
2011-08-25 01:00:00,19.05895146383837
2011-08-25 02:00:00,10.693162505088505
2011-08-25 03:00:00,6.6681522996294635
2011-08-25 04:00:00,7.325812254539342
2011-08-25 05:00:00,22.28520197429528
2011-08-25 06:00:00,96.83631149103313
2011-08-25 07:00:00,313.7807659907335
2011-08-25 08:00:00,421.81199515045347
2011-08-25 09:00:00,232.5038620712986
2011-08-25 10:00:00,124.42155348919326
2011-08-25 11:00:00,101.30761967672655
2011-08-25 12:00:00,132.1099806687184
2011-08-25 13:00:00,164.56371919382732
2011-08-25 14:00:00,164.1523495563307
2011-08-25 15:00:00,175.9905743710217
2011-08-25 16:00:00,218.7967524236777
2011-08-25 17:00:00,408.70711112092783
2011-08-25 18:00:00,380.683155049814
2011-08-25 19:00:00,296.3924539752465
2011-08-25 20:00:00,224.74445650018538
2011-08-25 21:00:00,192.50957162605292
2011-08-25 22:00:00,148.48117801121077
2011-08-25 23:00:00,96.2078545719965
2011-08-26 00:00:00,48.96022465439822
2011-08-26 01:00:00,20.752013904460156
2011-08-26 02:00:00,11.781524787323164
2011-08-26 03:00:00,6.710689200204308
2011-08-26 04:00:00,5.779412920737693
2011-08-26 05:00:00,19.342204660502084
2011-08-26 06:00:00,101.80657018950693
2011-08-26 07:00:00,250.45886246950042
2011-08-26 08:00:00,384.8686810590751
2011-08-26 09:00:00,251.13106078335784
2011-08-26 10:00:00,136.84909132776664
2011-08-26 11:00:00,169.1761192245111
2011-08-26 12:00:00,215.06674587351958
2011-08-26 13:00:00,211.06012116500747
2011-08-26 14:00:00,202.00194190668898
2011-08-26 15:00:00,209.0878621067811
2011-08-26 16:00:00,332.62946692651064
2011-08-26 17:00:00,488.32403026899976
2011-08-26 18:00:00,432.1212147646643
2011-08-26 19:00:00,298.30361408632075
2011-08-26 20:00:00,221.75527160947337
2011-08-26 21:00:00,203.37166864272288
2011-08-26 22:00:00,181.6536625576528
2011-08-26 23:00:00,143.3780273661361
2011-08-27 00:00:00,99.44647087919726
2011-08-27 01:00:00,80.16107466774262
2011-08-27 02:00:00,52.64280979241261
2011-08-27 03:00:00,21.80819214844088
2011-08-27 04:00:00,7.803975384347082
2011-08-27 05:00:00,10.218336648087794
2011-08-27 06:00:00,20.827123419878586
2011-08-27 07:00:00,54.30002640162923
2011-08-27 08:00:00,106.56065542088307
2011-08-27 09:00:00,135.33264547529566
2011-08-27 10:00:00,235.90323385517135
2011-08-27 11:00:00,129.33569815901646
2011-08-27 12:00:00,142.85520940824588
2011-08-27 13:00:00,182.12161899923592
2011-08-27 14:00:00,86.99100922947622
2011-08-27 15:00:00,87.6249302993452
2011-08-27 16:00:00,94.05046558908397
2011-08-27 17:00:00,71.23244338253969
2011-08-28 07:00:00,29.695929619998996
2011-08-28 08:00:00,60.80549795785146
2011-08-28 09:00:00,164.47359931739217
2011-08-28 10:00:00,282.1315373738948
2011-08-28 11:00:00,355.98597448475954
2011-08-28 12:00:00,419.3635165185131
2011-08-28 13:00:00,427.49881788728095
2011-08-28 14:00:00,401.89108407217276
2011-08-28 15:00:00,388.0543267350486
2011-08-28 16:00:00,418.0976542947949
2011-08-28 17:00:00,411.6969284762778
2011-08-28 18:00:00,365.7207535312422
2011-08-28 19:00:00,307.53929959631495
2011-08-28 20:00:00,237.30425651637896
2011-08-28 21:00:00,195.36266656468536
2011-08-28 22:00:00,140.14761305501253
2011-08-28 23:00:00,78.27294537642588
2011-08-29 00:00:00,36.53072770057949
2011-08-29 01:00:00,15.186725115146555
2011-08-29 02:00:00,8.270986950918571
2011-08-29 03:00:00,5.611668285564122
2011-08-29 04:00:00,6.149418919998281
2011-08-29 05:00:00,24.449286403834304
2011-08-29 06:00:00,111.72518459171984
2011-08-29 07:00:00,296.14719508007477
2011-08-29 08:00:00,420.0178516922975
2011-08-29 09:00:00,233.88903663532807
2011-08-29 10:00:00,119.74577176977287
2011-08-29 11:00:00,141.19505922907894
2011-08-29 12:00:00,200.31996130184996
2011-08-29 13:00:00,196.3639912582593
2011-08-29 14:00:00,178.42528243612864
2011-08-29 15:00:00,189.23094739225684
2011-08-29 16:00:00,309.58935123724325
2011-08-29 17:00:00,549.1151725865415
2011-08-29 18:00:00,555.9007490618786
2011-08-29 19:00:00,417.9695490897609
2011-08-29 20:00:00,300.3996496806993
2011-08-29 21:00:00,212.0510124983127
2011-08-29 22:00:00,158.39443974458007
2011-08-29 23:00:00,79.59120086862693
2011-08-30 00:00:00,34.48488333491899
2011-08-30 01:00:00,13.213959045655992
2011-08-30 02:00:00,8.093609408890886
2011-08-30 03:00:00,5.501635418063636
2011-08-30 04:00:00,6.471408255768057
2011-08-30 05:00:00,25.06675415498969
2011-08-30 06:00:00,109.00318196797066
2011-08-30 07:00:00,309.3100116229097
2011-08-30 08:00:00,431.8429120221781
2011-08-30 09:00:00,243.76293443916052
2011-08-30 10:00:00,130.11053647762554
2011-08-30 11:00:00,143.82986928969768
2011-08-30 12:00:00,198.19602436316177
2011-08-30 13:00:00,194.38213684336068
2011-08-30 14:00:00,179.50840520427596
2011-08-30 15:00:00,187.99867939250586
2011-08-30 16:00:00,310.3134937253768
2011-08-30 17:00:00,586.2058128688648
2011-08-30 18:00:00,560.0723512773803
2011-08-30 19:00:00,418.9357148227335
2011-08-30 20:00:00,310.7261631577653
2011-08-30 21:00:00,215.3419665149468
2011-08-30 22:00:00,163.85716160553073
2011-08-30 23:00:00,91.39664758605974
2011-08-31 00:00:00,32.05442251832954
2011-08-31 01:00:00,12.340637302167
2011-08-31 02:00:00,7.180753122058265
2011-08-31 03:00:00,5.910583867176764
2011-08-31 04:00:00,6.126674491121637
2011-08-31 05:00:00,22.937129483812218
2011-08-31 06:00:00,111.6516538486905
2011-08-31 07:00:00,309.9607935342949
2011-08-31 08:00:00,428.90523850190624
2011-08-31 09:00:00,231.7409160942297
2011-08-31 10:00:00,128.2564225392434
2011-08-31 11:00:00,144.26442347944695
2011-08-31 12:00:00,189.01794871793385
2011-08-31 13:00:00,193.49685186093726
2011-08-31 14:00:00,176.44678214499578
2011-08-31 15:00:00,186.1502560581692
2011-08-31 16:00:00,296.2608456903738
2011-08-31 17:00:00,567.1019849095169
2011-08-31 18:00:00,556.7122450069515
2011-08-31 19:00:00,406.1424049329725
2011-08-31 20:00:00,307.5217572549584
2011-08-31 21:00:00,233.52957171361098
2011-08-31 22:00:00,158.14350338159875
2011-08-31 23:00:00,90.67179721138208
2011-09-20 00:00:00,30.493773539228933
2011-09-20 01:00:00,11.050642998864125
2011-09-20 02:00:00,5.723221166407265
2011-09-20 03:00:00,4.329948137676448
2011-09-20 04:00:00,5.418391067315712
2011-09-20 05:00:00,20.501447429354247
2011-09-20 06:00:00,94.80344518628975
2011-09-20 07:00:00,248.03769195999774
2011-09-20 08:00:00,171.98351987534292
2011-09-20 09:00:00,84.60894927496193
2011-09-20 10:00:00,62.20613545135389
2011-09-20 11:00:00,63.24294908820961
2011-09-20 12:00:00,72.96583957795147
2011-09-20 13:00:00,83.21482970657753
2011-09-20 14:00:00,104.73278966396568
2011-09-20 15:00:00,149.4487270742307
2011-09-20 16:00:00,192.8922148150731
2011-09-20 17:00:00,425.64776812473997
2011-09-20 18:00:00,408.1736979240231
2011-09-20 19:00:00,235.2887748241365
2011-09-20 20:00:00,148.744851381401
2011-09-20 21:00:00,123.2432284212933
2011-09-20 22:00:00,99.61958671503145
2011-09-20 23:00:00,66.99754433493025
2011-09-21 00:00:00,17.247394001164977
2011-09-21 01:00:00,7.868160521924729
2011-09-21 02:00:00,4.877749412323493
2011-09-21 03:00:00,3.6332922472619735
2011-09-21 04:00:00,3.879913396706539
2011-09-21 05:00:00,13.242188643874146
2011-09-21 06:00:00,52.01248451415838
2011-09-21 07:00:00,143.33133276706215
2011-09-21 08:00:00,280.2590968932712
2011-09-21 09:00:00,112.79821831911214
2011-09-21 10:00:00,77.15799249537345
2011-09-21 11:00:00,114.61022917522452
2011-09-21 12:00:00,147.68331386228314
2011-09-21 13:00:00,172.83631369404503
2011-09-21 14:00:00,159.56471546817397
2011-09-21 15:00:00,172.97202164787507
2011-09-21 16:00:00,261.39532535279005
2011-09-21 17:00:00,464.9655725702298
2011-09-21 18:00:00,273.7844137500026
2011-09-21 19:00:00,103.04667827487815
2011-09-21 20:00:00,76.39385079441993
2011-09-21 21:00:00,88.82627064839521
2011-09-21 22:00:00,68.73724413373705
2011-09-21 23:00:00,55.5548281722146
2011-09-22 00:00:00,20.43798949595516
2011-09-22 01:00:00,9.133293642995916
2011-09-22 02:00:00,6.297710071841635
2011-09-22 03:00:00,3.9881296385053453
2011-09-22 04:00:00,4.096341042003896
2011-09-22 05:00:00,16.745466615078758
2011-09-22 06:00:00,69.96153086446989
2011-09-22 07:00:00,185.2334325073476
2011-09-22 08:00:00,299.593396820935
2011-09-22 09:00:00,116.08371129377008
2011-09-22 10:00:00,86.16453230732179
2011-09-22 11:00:00,91.85492049187022
2011-09-22 12:00:00,148.18878934382212
2011-09-22 13:00:00,145.8736575101387
2011-09-22 14:00:00,143.53594016290734
2011-09-22 15:00:00,176.92269401714296
2011-09-22 16:00:00,267.39972250503837
2011-09-22 17:00:00,442.365485622639
2011-09-22 18:00:00,342.63552236243976
2011-09-22 19:00:00,202.73127853718742
2011-09-22 20:00:00,118.71902173189306
2011-09-22 21:00:00,120.17427498082998
2011-09-22 22:00:00,76.34434661489362
2011-09-22 23:00:00,62.837984498875365
2011-09-23 00:00:00,33.19901680012988
2011-09-23 01:00:00,17.72813453091836
2011-09-23 02:00:00,11.35182005825978
2011-09-23 03:00:00,6.2302810683665415
2011-09-23 04:00:00,5.39589855644581
2011-09-23 05:00:00,21.515397343281794
2011-09-23 06:00:00,85.7750917910749
2011-09-23 07:00:00,143.0556388821302
2011-09-23 08:00:00,249.61986038554087
2011-09-23 09:00:00,114.4196071965047
2011-09-23 10:00:00,65.67498982272106
2011-09-23 11:00:00,75.2837496628241
2011-09-23 12:00:00,107.81513736203412
2011-09-23 13:00:00,103.41549520009829
2011-09-23 14:00:00,98.52301958716188
2011-09-23 15:00:00,128.6919751731305
2011-09-23 16:00:00,167.56802646284686
2011-09-23 17:00:00,306.32987034328653
2011-09-23 18:00:00,306.23087308903064
2011-09-23 19:00:00,225.79243742677502
2011-09-23 20:00:00,172.20937555687033
2011-09-23 21:00:00,130.76131601939855
2011-09-23 22:00:00,126.28992639334272
2011-09-23 23:00:00,108.51928140501528
2011-09-24 00:00:00,98.39612135364273
2011-09-24 01:00:00,74.84008792929761
2011-09-24 02:00:00,56.59379752286587
2011-09-24 03:00:00,28.99689183829029
2011-09-24 04:00:00,9.558789697946818
2011-09-24 05:00:00,10.087638531823572
2011-09-24 06:00:00,14.593688653159715
2011-09-24 07:00:00,47.55552577475817
2011-09-24 08:00:00,101.1170274310077
2011-09-24 09:00:00,115.06396976599711
2011-09-24 10:00:00,163.78479192613304
2011-09-24 11:00:00,239.89793520301444
2011-09-24 12:00:00,256.7981535295019
2011-09-24 13:00:00,351.3935458192159
2011-09-24 14:00:00,382.2435486668283
2011-09-24 15:00:00,374.4081736402535
2011-09-24 16:00:00,342.1967303621361
2011-09-24 17:00:00,373.05465040702177
2011-09-24 18:00:00,271.4255815037349
2011-09-24 19:00:00,195.73588642072895
2011-09-24 20:00:00,180.8324310904973
2011-09-24 21:00:00,163.93907299047262
2011-09-24 22:00:00,118.146267174265
2011-09-24 23:00:00,95.61518630662385
2011-09-25 00:00:00,90.68764383706745
2011-09-25 01:00:00,76.72908959971544
2011-09-25 02:00:00,54.58403050323671
2011-09-25 03:00:00,24.17420260450112
2011-09-25 04:00:00,8.682024626028547
2011-09-25 05:00:00,10.357786948289927
2011-09-25 06:00:00,14.068156814854229
2011-09-25 07:00:00,29.476417091847196
2011-09-25 08:00:00,81.40315503974772
2011-09-25 09:00:00,145.6409606211577
2011-09-25 10:00:00,219.82474532865584
2011-09-25 11:00:00,307.31004002299915
2011-09-25 12:00:00,370.7425951248453
2011-09-25 13:00:00,430.7164626090074
2011-09-25 14:00:00,348.891152918474
2011-09-25 15:00:00,340.84074004240955
2011-09-25 16:00:00,463.39468815233755
2011-09-25 17:00:00,366.5526223049032
2011-09-25 18:00:00,327.997479221166
2011-09-25 19:00:00,205.35874121824713
2011-09-25 20:00:00,164.2209801395602
2011-09-25 21:00:00,128.91324155187428
2011-09-25 22:00:00,122.10687431430304
2011-09-25 23:00:00,71.79681112057462
2011-09-26 00:00:00,22.750703216454013
2011-09-26 01:00:00,12.446494178602066
2011-09-26 02:00:00,6.525687330944944
2011-09-26 03:00:00,4.993405017416682
2011-09-26 04:00:00,5.67293084241112
2011-09-26 05:00:00,20.388288723440798
2011-09-26 06:00:00,85.26072626087124
2011-09-26 07:00:00,222.20060680997645
2011-09-26 08:00:00,353.22729522362204
2011-09-26 09:00:00,179.48181519518639
2011-09-26 10:00:00,92.76913956504828
2011-09-26 11:00:00,119.81765296391701
2011-09-26 12:00:00,155.94912118652377
2011-09-26 13:00:00,176.98349306683502
2011-09-26 14:00:00,178.31082677628712
2011-09-26 15:00:00,191.0659344560904
2011-09-26 16:00:00,318.08229303833986
2011-09-26 17:00:00,556.5453297546018
2011-09-26 18:00:00,384.96827192628314
2011-09-26 19:00:00,295.0414469324048
2011-09-26 20:00:00,176.64703345703077
2011-09-26 21:00:00,142.39968049247003
2011-09-26 22:00:00,109.69325887435112
2011-09-26 23:00:00,66.87610904544246
2011-09-27 00:00:00,24.555855767020372
2011-09-27 01:00:00,11.46279273679101
2011-09-27 02:00:00,7.3791674236275835
2011-09-27 03:00:00,4.927825688213001
2011-09-27 04:00:00,4.858694526607566
2011-09-27 05:00:00,17.33811115547501
2011-09-27 06:00:00,88.12159004122256
2011-09-27 07:00:00,233.47161141655633
2011-09-27 08:00:00,388.3743037527055
2011-09-27 09:00:00,161.4547731801039
2011-09-27 10:00:00,68.58749535596226
2011-09-27 11:00:00,97.90410846362961
2011-09-27 12:00:00,121.09225996070288
2011-09-27 13:00:00,173.17847134578696
2011-09-27 14:00:00,160.93149827208612
2011-09-27 15:00:00,165.63057152591048
2011-09-27 16:00:00,220.6369405299242
2011-09-27 17:00:00,322.45089074635814
2011-09-27 18:00:00,288.6316587734269
2011-09-27 19:00:00,227.30989248125178
2011-09-27 20:00:00,247.63056665443423
2011-09-27 21:00:00,175.99189573379914
2011-09-27 22:00:00,107.09549812918921
2011-09-27 23:00:00,62.68144970203995
2011-09-28 00:00:00,26.4841055997488
2011-09-28 01:00:00,10.20901320774628
2011-09-28 02:00:00,6.065335077469206
2011-09-28 03:00:00,4.480978654378281
2011-09-28 04:00:00,5.2141806813281315
2011-09-28 05:00:00,18.69280164285556
2011-09-28 06:00:00,50.70946205375344
2011-09-28 07:00:00,127.25257470324277
2011-09-28 08:00:00,257.3996670552176
2011-09-28 09:00:00,117.87583632918727
2011-09-28 10:00:00,83.37358548754992
2011-09-28 11:00:00,122.32378955238939
2011-09-28 12:00:00,167.45700520377622
2011-09-28 13:00:00,171.72918042593707
2011-09-28 14:00:00,178.61315523882962
2011-09-28 15:00:00,189.8323073529023
2011-09-28 16:00:00,299.3029437100018
2011-09-28 17:00:00,560.7829095037715
2011-09-28 18:00:00,326.7169190781048
2011-09-28 19:00:00,242.3736437612309
2011-09-28 20:00:00,143.99250572810507
2011-09-28 21:00:00,87.78769836668171
2011-09-28 22:00:00,107.2871891643402
2011-09-28 23:00:00,67.61949191272058
2011-09-29 00:00:00,21.79654008843669
2011-09-29 01:00:00,9.984494355240145
2011-09-29 02:00:00,6.8426843819479055
2011-09-29 03:00:00,5.009997384887767
2011-09-29 04:00:00,5.271433442713382
2011-09-29 05:00:00,20.3815968031054
2011-09-29 06:00:00,94.66090664006327
2011-09-29 07:00:00,265.06063330707343
2011-09-29 08:00:00,415.1606786064662
2011-09-29 09:00:00,237.9100733915734
2011-09-29 10:00:00,142.43872727239386
2011-09-29 11:00:00,161.85323985760235
2011-09-29 12:00:00,222.99029989430358
2011-09-29 13:00:00,215.07560776004323
2011-09-29 14:00:00,192.66189742637903
2011-09-29 15:00:00,200.41601496330804
2011-09-29 16:00:00,305.214335856227
2011-09-29 17:00:00,549.6574619168704
2011-09-29 18:00:00,548.4021227314968
2011-09-29 19:00:00,410.43670791434835
2011-09-29 20:00:00,300.37225657573913
2011-09-29 21:00:00,204.57738120664848
2011-09-29 22:00:00,141.00173240546798
2011-09-29 23:00:00,104.54229065827224
2011-09-30 00:00:00,51.20373360214724
2011-09-30 01:00:00,26.73366384418991
2011-09-30 02:00:00,11.563396304647851
2011-09-30 03:00:00,6.6001338764973685
2011-09-30 04:00:00,6.5158254263683695
2011-09-30 05:00:00,23.458728349574113
2011-09-30 06:00:00,108.2219842679523
2011-09-30 07:00:00,286.23703460942374
2011-09-30 08:00:00,419.22910349052336
2011-09-30 09:00:00,260.1128455163752
2011-09-30 10:00:00,160.74475632995816
2011-09-30 11:00:00,193.35371481045695
2011-09-30 12:00:00,243.90934222094705
2011-09-30 13:00:00,236.48450267468542
2011-09-30 14:00:00,214.58808054325917
2011-09-30 15:00:00,231.4637276678718
2011-09-30 16:00:00,360.14420382150513
2011-09-30 17:00:00,563.8902741276565
2011-09-30 18:00:00,476.2032118423839
2011-09-30 19:00:00,308.75283753123966
2011-09-30 20:00:00,234.50738970199694
2011-09-30 21:00:00,184.04767500600022
2011-09-30 22:00:00,142.5434763204328
2011-09-30 23:00:00,120.8527054007457
2011-10-20 00:00:00,22.534519625036122
2011-10-20 01:00:00,15.233060506657154
2011-10-20 02:00:00,8.288277264324003
2011-10-20 03:00:00,4.80657094007042
2011-10-20 04:00:00,5.0973985951542415
2011-10-20 05:00:00,21.98174652791405
2011-10-20 06:00:00,94.16891287763468
2011-10-20 07:00:00,239.7939907553713
2011-10-20 08:00:00,389.14578799278144
2011-10-20 09:00:00,199.1375146713566
2011-10-20 10:00:00,135.29385893084628
2011-10-20 11:00:00,132.74543006535987
2011-10-20 12:00:00,162.0783795941888
2011-10-20 13:00:00,159.66146366505166
2011-10-20 14:00:00,121.67308901561944
2011-10-20 15:00:00,141.6887242003842
2011-10-20 16:00:00,211.5797610058909
2011-10-20 17:00:00,442.01865251230134
2011-10-20 18:00:00,385.0413447225866
2011-10-20 19:00:00,289.3253505721328
2011-10-20 20:00:00,195.04336200245953
2011-10-20 21:00:00,132.93169956374663
2011-10-20 22:00:00,108.09098198877412
2011-10-20 23:00:00,81.2736033930564
2011-10-21 00:00:00,47.364599910540456
2011-10-21 01:00:00,22.557044093334504
2011-10-21 02:00:00,10.64404721377396
2011-10-21 03:00:00,5.669285246535227
2011-10-21 04:00:00,5.362877841888043
2011-10-21 05:00:00,19.950435912342865
2011-10-21 06:00:00,97.99012445672071
2011-10-21 07:00:00,245.116533604457
2011-10-21 08:00:00,422.3691810269601
2011-10-21 09:00:00,239.299663542824
2011-10-21 10:00:00,144.55582469095856
2011-10-21 11:00:00,180.05884678923385
2011-10-21 12:00:00,219.9618645653022
2011-10-21 13:00:00,201.08641675391388
2011-10-21 14:00:00,208.70703746771383
2011-10-21 15:00:00,210.541589193618
2011-10-21 16:00:00,313.02951500076284
2011-10-21 17:00:00,422.21001793128363
2011-10-21 18:00:00,365.83360645048856
2011-10-21 19:00:00,231.27773752735825
2011-10-21 20:00:00,171.24403222852587
2011-10-21 21:00:00,142.33888971195398
2011-10-21 22:00:00,124.90894423409148
2011-10-21 23:00:00,96.8243802297593
2011-10-22 00:00:00,79.55777543076033
2011-10-22 01:00:00,69.22393308195977
2011-10-22 02:00:00,43.448399966970484
2011-10-22 03:00:00,22.691325494795347
2011-10-22 04:00:00,7.434109749926833
2011-10-22 05:00:00,8.101647618111542
2011-10-22 06:00:00,19.240176750895095
2011-10-22 07:00:00,55.933954215259845
2011-10-22 08:00:00,128.0823726381696
2011-10-22 09:00:00,171.71445929037444
2011-10-22 10:00:00,258.37207849135416
2011-10-22 11:00:00,296.37094290178663
2011-10-22 12:00:00,350.40782959485045
2011-10-22 13:00:00,374.54120596251835
2011-10-22 14:00:00,320.8075858950189
2011-10-22 15:00:00,331.4380480050615
2011-10-22 16:00:00,401.4773251525381
2011-10-22 17:00:00,299.91636230370176
2011-10-22 18:00:00,234.17502278967513
2011-10-22 19:00:00,201.92576077017634
2011-10-22 20:00:00,171.57485222690116
2011-10-22 21:00:00,133.96683915709474
2011-10-22 22:00:00,118.33578973918897
2011-10-22 23:00:00,97.2924409395514
2011-10-23 00:00:00,73.80392955127276
2011-10-23 01:00:00,64.28023795474657
2011-10-23 02:00:00,45.169839069699464
2011-10-23 03:00:00,23.5374433562193
2011-10-23 04:00:00,8.800034237258972
2011-10-23 05:00:00,7.667862020173647
2011-10-23 06:00:00,12.414290456545514
2011-10-23 07:00:00,37.99339802025751
2011-10-23 08:00:00,76.22776387003097
2011-10-23 09:00:00,135.60405454639084
2011-10-23 10:00:00,249.4767747058779
2011-10-23 11:00:00,296.2280577639833
2011-10-23 12:00:00,360.25377439225105
2011-10-23 13:00:00,378.08471093669147
2011-10-23 14:00:00,344.2763284906657
2011-10-23 15:00:00,343.47824955620746
2011-10-23 16:00:00,383.7705097301277
2011-10-23 17:00:00,312.60558232680944
2011-10-23 18:00:00,278.74222498880965
2011-10-23 19:00:00,183.9937438405673
2011-10-23 20:00:00,149.6478441894583
2011-10-23 21:00:00,110.02963625027219
2011-10-23 22:00:00,90.38014075410254
2011-10-23 23:00:00,71.10601934093755
2011-10-24 00:00:00,28.699149089649058
2011-10-24 01:00:00,11.688845354225576
2011-10-24 02:00:00,5.054639244590175
2011-10-24 03:00:00,4.462596822665659
2011-10-24 04:00:00,5.594895455269382
2011-10-24 05:00:00,21.60701480366908
2011-10-24 06:00:00,107.14750624087105
2011-10-24 07:00:00,205.55238484607014
2011-10-24 08:00:00,400.9205648023782
2011-10-24 09:00:00,227.891750283464
2011-10-24 10:00:00,112.21239501291622
2011-10-24 11:00:00,135.54413558362634
2011-10-24 12:00:00,169.0558094254316
2011-10-24 13:00:00,164.25357806991147
2011-10-24 14:00:00,153.00088658789994
2011-10-24 15:00:00,183.2856910879795
2011-10-24 16:00:00,275.0715948351276
2011-10-24 17:00:00,510.45613543942045
2011-10-24 18:00:00,510.4381495742485
2011-10-24 19:00:00,203.03144803330687
2011-10-24 20:00:00,214.77397907329376
2011-10-24 21:00:00,136.29685111332498
2011-10-24 22:00:00,130.72206282867958
2011-10-24 23:00:00,69.67104747944254
2011-10-25 00:00:00,34.17858716643124
2011-10-25 01:00:00,14.489592393640258
2011-10-25 02:00:00,5.83785640097226
2011-10-25 03:00:00,3.717127303570855
2011-10-25 04:00:00,5.4025912410947985
2011-10-25 05:00:00,22.8084447927175
2011-10-25 06:00:00,102.89561994620206
2011-10-25 07:00:00,266.8775866773171
2011-10-25 08:00:00,437.7684077448317
2011-10-25 09:00:00,239.65947634968015
2011-10-25 10:00:00,127.60797950186785
2011-10-25 11:00:00,142.48865705401954
2011-10-25 12:00:00,180.08526412026328
2011-10-25 13:00:00,181.513574419604
2011-10-25 14:00:00,168.45809804361775
2011-10-25 15:00:00,180.0429696249726
2011-10-25 16:00:00,284.96821825575483
2011-10-25 17:00:00,537.8119234421829
2011-10-25 18:00:00,499.3255912237358
2011-10-25 19:00:00,341.47135235200545
2011-10-25 20:00:00,227.25390337799865
2011-10-25 21:00:00,155.52549013936425
2011-10-25 22:00:00,115.24714695634907
2011-10-25 23:00:00,72.23828342063695
2011-10-26 00:00:00,35.064652140016854
2011-10-26 01:00:00,13.476555275291654
2011-10-26 02:00:00,7.543501210962869
2011-10-26 03:00:00,4.846609851092837
2011-10-26 04:00:00,5.151369002254903
2011-10-26 05:00:00,22.334442273284232
2011-10-26 06:00:00,97.52755841365139
2011-10-26 07:00:00,284.66707248481663
2011-10-26 08:00:00,425.8033110788371
2011-10-26 09:00:00,230.85568777235758
2011-10-26 10:00:00,125.93866899375976
2011-10-26 11:00:00,144.0649136080339
2011-10-26 12:00:00,160.8633729456902
2011-10-26 13:00:00,146.98812750887805
2011-10-26 14:00:00,142.0342480265416
2011-10-26 15:00:00,152.10497450132414
2011-10-26 16:00:00,222.42268776482484
2011-10-26 17:00:00,437.12149130816465
2011-10-26 18:00:00,450.9151368772762
2011-10-26 19:00:00,296.4334961374527
2011-10-26 20:00:00,184.79339737220388
2011-10-26 21:00:00,176.59920714683744
2011-10-26 22:00:00,112.59877822111446
2011-10-26 23:00:00,66.78022610973699
2011-10-27 00:00:00,26.043953942966247
2011-10-27 01:00:00,12.945059276083951
2011-10-27 02:00:00,6.166044703008924
2011-10-27 03:00:00,3.6557972582599447
2011-10-27 04:00:00,5.620225201889235
2011-10-27 05:00:00,19.255033040004623
2011-10-27 06:00:00,75.39683156823446
2011-10-27 07:00:00,227.31012654741195
2011-10-27 08:00:00,244.85792430499055
2011-10-27 09:00:00,249.09982299711686
2011-10-27 10:00:00,59.351990161714824
2011-10-27 11:00:00,66.58743163616938
2011-10-27 12:00:00,73.93047452949132
2011-10-27 13:00:00,130.92804698058606
2011-10-27 14:00:00,141.46305711279297
2011-10-27 15:00:00,152.5587964485065
2011-10-27 16:00:00,259.6531373097268
2011-10-27 17:00:00,352.2897555238303
2011-10-27 18:00:00,359.8092305253976
2011-10-27 19:00:00,203.7006955471199
2011-10-27 20:00:00,152.13415179703273
2011-10-27 21:00:00,115.74634810498249
2011-10-27 22:00:00,75.39325974121034
2011-10-27 23:00:00,70.73352747327901
2011-10-28 00:00:00,39.73849027486341
2011-10-28 01:00:00,17.733313824466624
2011-10-28 02:00:00,7.303181866713212
2011-10-28 03:00:00,4.464478693876424
2011-10-28 04:00:00,4.477175038489156
2011-10-28 05:00:00,19.18893497425586
2011-10-28 06:00:00,97.49839948901824
2011-10-28 07:00:00,240.98542261327032
2011-10-28 08:00:00,363.4502672379028
2011-10-28 09:00:00,231.81961583427255
2011-10-28 10:00:00,127.9002987189559
2011-10-28 11:00:00,155.28788452586207
2011-10-28 12:00:00,198.01518308049748
2011-10-28 13:00:00,188.0266097486928
2011-10-28 14:00:00,161.19225723342223
2011-10-28 15:00:00,176.43838571622308
2011-10-28 16:00:00,224.29636161512732
2011-10-28 17:00:00,392.91816392813314
2011-10-28 18:00:00,353.21632019822096
2011-10-28 19:00:00,233.65850227450602
2011-10-28 20:00:00,99.95698387318889
2011-10-28 21:00:00,80.4738583105092
2011-10-28 22:00:00,49.149011963085954
2011-10-28 23:00:00,37.318489187786454
2011-10-29 00:00:00,40.99046620857865
2011-10-29 01:00:00,35.513877637734005
2011-10-29 02:00:00,24.140241496780504
2011-10-29 03:00:00,13.343990968412898
2011-10-29 04:00:00,4.775925227432224
2011-10-29 05:00:00,4.706545751169039
2011-10-29 06:00:00,7.903088255917792
2011-10-29 07:00:00,20.25296747891063
2011-10-29 08:00:00,51.1883177301887
2011-10-29 09:00:00,54.097156656155995
2011-10-29 10:00:00,84.590766040505
2011-10-29 11:00:00,92.17838028659992
2011-10-29 12:00:00,46.49535745742838
2011-10-29 13:00:00,43.09260288213033
2011-10-29 14:00:00,59.881913854631556
2011-10-29 15:00:00,110.44061578295252
2011-10-29 16:00:00,69.75435867181454
2011-10-29 17:00:00,60.76127779111451
2011-10-29 18:00:00,53.92757682272133
2011-10-29 19:00:00,71.18418468962113
2011-10-29 20:00:00,62.08778448205318
2011-10-29 21:00:00,51.529784818936534
2011-10-29 22:00:00,56.03076681806688
2011-10-29 23:00:00,62.296027267497685
2011-10-30 00:00:00,56.321471252296845
2011-10-30 01:00:00,47.42400326101132
2011-10-30 02:00:00,32.894232416744416
2011-10-30 03:00:00,14.904206079078374
2011-10-30 04:00:00,2.8564972824619144
2011-10-30 05:00:00,3.948198961769811
2011-10-30 06:00:00,7.576909085205269
2011-10-30 07:00:00,18.044289647351853
2011-10-30 08:00:00,51.72084177948995
2011-10-30 09:00:00,115.36635205296737
2011-10-30 10:00:00,235.32522131399764
2011-10-30 11:00:00,279.5783406985309
2011-10-30 12:00:00,327.3137252995643
2011-10-30 13:00:00,327.8811195722634
2011-10-30 14:00:00,327.12634787961275
2011-10-30 15:00:00,322.18494842634294
2011-10-30 16:00:00,323.5233347202512
2011-10-30 17:00:00,255.85582960307113
2011-10-30 18:00:00,190.12030970526297
2011-10-30 19:00:00,251.56700891730046
2011-10-30 20:00:00,116.04431419786808
2011-10-30 21:00:00,80.90981491460519
2011-10-30 22:00:00,70.68611859222612
2011-10-30 23:00:00,45.748705106071824
2011-10-31 00:00:00,17.170903503965636
2011-10-31 01:00:00,7.635195402141161
2011-10-31 02:00:00,2.7950250998037958
2011-10-31 03:00:00,2.9115364456250323
2011-10-31 04:00:00,3.7393113585553905
2011-10-31 05:00:00,15.735767996112298
2011-10-31 06:00:00,75.97667748096863
2011-10-31 07:00:00,223.76910033584724
2011-10-31 08:00:00,444.39322073020696
2011-10-31 09:00:00,194.35293545152282
2011-10-31 10:00:00,116.97521474280295
2011-10-31 11:00:00,131.97553943092302
2011-10-31 12:00:00,172.68120592984215
2011-10-31 13:00:00,162.46342011562956
2011-10-31 14:00:00,137.1104480279833
2011-10-31 15:00:00,162.96093874431207
2011-10-31 16:00:00,228.07697787613623
2011-10-31 17:00:00,447.7045746812508
2011-10-31 18:00:00,400.42836709987193
2011-10-31 19:00:00,278.6476125572087
2011-10-31 20:00:00,195.5592678938384
2011-10-31 21:00:00,123.84128761309009
2011-10-31 22:00:00,96.82674600198682
2011-10-31 23:00:00,58.41877353391585
2011-11-20 00:00:00,76.95313886814353
2011-11-20 01:00:00,65.80732434821282
2011-11-20 02:00:00,45.3302210280492
2011-11-20 03:00:00,20.358085708618187
2011-11-20 04:00:00,6.04224110247617
2011-11-20 05:00:00,6.093411124013637
2011-11-20 06:00:00,12.308286619175759
2011-11-20 07:00:00,49.72892292787884
2011-11-20 08:00:00,82.11020913920328
2011-11-20 09:00:00,159.9498805687819
2011-11-20 10:00:00,239.0822948971469
2011-11-20 11:00:00,318.5008462825868
2011-11-20 12:00:00,344.6036399078259
2011-11-20 13:00:00,360.74462255828695
2011-11-20 14:00:00,345.8591468172916
2011-11-20 15:00:00,309.3635602040738
2011-11-20 16:00:00,371.9877516588021
2011-11-20 17:00:00,323.2607403451191
2011-11-20 18:00:00,284.17330630153026
2011-11-20 19:00:00,194.88274497240266
2011-11-20 20:00:00,188.664929980581
2011-11-20 21:00:00,115.9357699437193
2011-11-20 22:00:00,68.40529846635577
2011-11-20 23:00:00,53.363023970132154
2011-11-21 00:00:00,20.337161100617912
2011-11-21 01:00:00,6.601240904731384
2011-11-21 02:00:00,3.781079618094166
2011-11-21 03:00:00,2.652709983353859
2011-11-21 04:00:00,3.278608261989503
2011-11-21 05:00:00,17.85624528396992
2011-11-21 06:00:00,71.71263103528518
2011-11-21 07:00:00,211.24218538759484
2011-11-21 08:00:00,362.23229916704287
2011-11-21 09:00:00,173.88138511572637
2011-11-21 10:00:00,120.46826266233741
2011-11-21 11:00:00,128.14202332327164
2011-11-21 12:00:00,152.7933235562491
2011-11-21 13:00:00,150.9944483553036
2011-11-21 14:00:00,136.0115358402585
2011-11-21 15:00:00,61.90858443920237
2011-11-21 16:00:00,86.86204628003335
2011-11-21 17:00:00,146.45526934003496
2011-11-21 18:00:00,184.42816663918822
2011-11-21 19:00:00,123.1757768933621
2011-11-21 20:00:00,99.23256486125479
2011-11-21 21:00:00,92.25394643659116
2011-11-21 22:00:00,70.16765527962868
2011-11-21 23:00:00,48.24741412434034
2011-11-22 00:00:00,13.984955250392542
2011-11-22 01:00:00,7.307662752269827
2011-11-22 02:00:00,4.4879975888683825
2011-11-22 03:00:00,3.0753658415507843
2011-11-22 04:00:00,3.861810367287421
2011-11-22 05:00:00,14.478865029601492
2011-11-22 06:00:00,83.21391086070184
2011-11-22 07:00:00,117.80893934573561
2011-11-22 08:00:00,204.6193236791793
2011-11-22 09:00:00,104.28277204563409
2011-11-22 10:00:00,50.96746103060584
2011-11-22 11:00:00,53.591994823729415
2011-11-22 12:00:00,66.68847023455949
2011-11-22 13:00:00,58.293420357594634
2011-11-22 14:00:00,47.89105253452064
2011-11-22 15:00:00,64.29457773604767
2011-11-22 16:00:00,92.44588119397427
2011-11-22 17:00:00,197.55353180097111
2011-11-22 18:00:00,178.7637733579214
2011-11-22 19:00:00,147.19507941778244
2011-11-22 20:00:00,155.7939448271779
2011-11-22 21:00:00,124.56156633670624
2011-11-22 22:00:00,100.0346624168955
2011-11-22 23:00:00,59.955912094499105
2011-11-23 00:00:00,19.138299284798066
2011-11-23 01:00:00,8.432994258587504
2011-11-23 02:00:00,4.7902147415657135
2011-11-23 03:00:00,3.0279083573381795
2011-11-23 04:00:00,6.020496963410586
2011-11-23 05:00:00,17.548127836916386
2011-11-23 06:00:00,65.32939193631839
2011-11-23 07:00:00,178.9886461348217
2011-11-23 08:00:00,366.0236059056152
2011-11-23 09:00:00,180.4088902890514
2011-11-23 10:00:00,90.39529943733513
2011-11-23 11:00:00,113.15058116317265
2011-11-23 12:00:00,165.08937312026845
2011-11-23 13:00:00,134.0169110506452
2011-11-23 14:00:00,135.58941858170164
2011-11-23 15:00:00,137.28611713005344
2011-11-23 16:00:00,162.60129373953447
2011-11-23 17:00:00,323.50640221085473
2011-11-23 18:00:00,309.74854262997013
2011-11-23 19:00:00,256.643072037223
2011-11-23 20:00:00,174.40379525909393
2011-11-23 21:00:00,102.74806379296334
2011-11-23 22:00:00,83.22812377317874
2011-11-23 23:00:00,54.51425864739633
2011-11-24 00:00:00,43.56635759627439
2011-11-24 01:00:00,27.1057702452391
2011-11-24 02:00:00,14.60953017412685
2011-11-24 03:00:00,6.298498312079692
2011-11-24 04:00:00,6.204687854445178
2011-11-24 05:00:00,12.118295784334054
2011-11-24 06:00:00,27.07100930769985
2011-11-24 07:00:00,46.274845914551534
2011-11-24 08:00:00,170.7729198573185
2011-11-24 09:00:00,179.8811554117885
2011-11-24 10:00:00,205.58718098823414
2011-11-24 11:00:00,219.48071141550756
2011-11-24 12:00:00,265.20377153352405
2011-11-24 13:00:00,267.44964370558876
2011-11-24 14:00:00,243.8274031019566
2011-11-24 15:00:00,237.044073639136
2011-11-24 16:00:00,291.61460693497315
2011-11-24 17:00:00,340.936905007009
2011-11-24 18:00:00,256.5937450462094
2011-11-24 19:00:00,218.12224450642313
2011-11-24 20:00:00,159.2202190916864
2011-11-24 21:00:00,121.59642857807536
2011-11-24 22:00:00,101.2828622461371
2011-11-24 23:00:00,75.39141662143983
2011-11-25 00:00:00,39.200432256463216
2011-11-25 01:00:00,18.37407026219382
2011-11-25 02:00:00,8.012643942890147
2011-11-25 03:00:00,4.81247252370264
2011-11-25 04:00:00,5.071955380924462
2011-11-25 05:00:00,18.163210738344
2011-11-25 06:00:00,87.1866761494929
2011-11-25 07:00:00,235.9983127002512
2011-11-25 08:00:00,431.5599408658062
2011-11-25 09:00:00,226.4133297981611
2011-11-25 10:00:00,132.7117428767994
2011-11-25 11:00:00,164.5562087942395
2011-11-25 12:00:00,206.06920722475593
2011-11-25 13:00:00,216.26330057947075
2011-11-25 14:00:00,204.95401928583087
2011-11-25 15:00:00,218.0845266826975
2011-11-25 16:00:00,326.4470853164457
2011-11-25 17:00:00,497.2945888368288
2011-11-25 18:00:00,416.2071934434506
2011-11-25 19:00:00,260.36841982743056
2011-11-25 20:00:00,183.06263702082094
2011-11-25 21:00:00,125.56714066616277
2011-11-25 22:00:00,112.62230710478234
2011-11-25 23:00:00,95.21362024545756
2011-11-26 00:00:00,68.25283870211258
2011-11-26 01:00:00,57.253085486684945
2011-11-26 02:00:00,40.70375431357115
2011-11-26 03:00:00,19.609852983852516
2011-11-26 04:00:00,7.19605434390726
2011-11-26 05:00:00,7.6287826840797415
2011-11-26 06:00:00,17.357836734612498
2011-11-26 07:00:00,30.239434068404485
2011-11-26 08:00:00,106.54009998287466
2011-11-26 09:00:00,139.59874304983927
2011-11-26 10:00:00,226.54765577867866
2011-11-26 11:00:00,294.8691183026452
2011-11-26 12:00:00,336.16522578595993
2011-11-26 13:00:00,374.54120596251835
2011-11-26 14:00:00,327.4918924624333
2011-11-26 15:00:00,327.9031809553843
2011-11-26 16:00:00,330.89331358431497
2011-11-26 17:00:00,280.30127692219617
2011-11-26 18:00:00,224.54849628821788
2011-11-26 19:00:00,194.0894722140638
2011-11-26 20:00:00,160.6212378727888
2011-11-26 21:00:00,115.24290909602072
2011-11-26 22:00:00,105.61964756887141
2011-11-26 23:00:00,96.70420246313624
2011-11-27 00:00:00,79.54987171416109
2011-11-27 01:00:00,68.69732328716255
2011-11-27 02:00:00,50.82870944778058
2011-11-27 03:00:00,23.5374433562193
2011-11-27 04:00:00,8.852934592012353
2011-11-27 05:00:00,6.547946706706048
2011-11-27 06:00:00,14.28279944136952
2011-11-27 07:00:00,32.23733940768246
2011-11-27 08:00:00,71.9963895420718
2011-11-27 09:00:00,141.39504632191918
2011-11-27 10:00:00,222.90425765042616
2011-11-27 11:00:00,314.7408357584354
2011-11-27 12:00:00,376.01905144150254
2011-11-27 13:00:00,387.5517132584299
2011-11-27 14:00:00,444.18603980905255
2011-11-27 15:00:00,435.3200807148022
2011-11-27 16:00:00,398.4704437487335
2011-11-27 17:00:00,347.08742889119463
2011-11-27 18:00:00,279.37964198108085
2011-11-27 19:00:00,210.6245366875726
2011-11-27 20:00:00,177.94315299359394
2011-11-27 21:00:00,116.37044053994487
2011-11-27 22:00:00,99.70860807627898
2011-11-27 23:00:00,66.56700590930404
2011-11-28 00:00:00,30.41614336598136
2011-11-28 01:00:00,12.69325453114873
2011-11-28 03:00:00,4.954612570354809
2011-11-28 04:00:00,6.3437182590851755
2011-11-28 05:00:00,21.99713564114222
2011-11-28 06:00:00,101.99270020133845
2011-11-28 07:00:00,267.081790074089
2011-11-28 08:00:00,350.6823820537689
2011-11-28 09:00:00,189.10055719078548
2011-11-28 10:00:00,117.13350262275834
2011-11-28 11:00:00,131.51182150014424
2011-11-28 12:00:00,193.43459213294773
2011-11-28 13:00:00,176.74986453046017
2011-11-28 14:00:00,182.28601461428568
2011-11-28 15:00:00,186.85929215067713
2011-11-28 16:00:00,288.0942643079542
2011-11-28 17:00:00,552.2140383140401
2011-11-28 18:00:00,512.9901876457792
2011-11-28 19:00:00,347.38123750678596
2011-11-28 20:00:00,228.96488145233675
2011-11-28 21:00:00,172.19045165791422
2011-11-28 22:00:00,118.77879505963749
2011-11-28 23:00:00,62.96070021598504
2011-11-29 00:00:00,28.49479821958539
2011-11-29 01:00:00,11.979351655338489
2011-11-29 02:00:00,4.711362445526512
2011-11-29 03:00:00,4.239665580540479
2011-11-29 04:00:00,5.358127102216897
2011-11-29 05:00:00,23.015556645941917
2011-11-29 06:00:00,108.91248090504814
2011-11-29 07:00:00,311.91748887448574
2011-11-29 08:00:00,430.6607877005216
2011-11-29 09:00:00,206.28212976330204
2011-11-29 10:00:00,109.66308402951876
2011-11-29 11:00:00,55.77403851588695
2011-11-29 12:00:00,58.3213359925418
2011-11-29 13:00:00,71.11351671373178
2011-11-29 14:00:00,49.82628629883102
2011-11-29 15:00:00,53.24719370178998
2011-11-29 16:00:00,84.64041089784669
2011-11-29 17:00:00,229.71947508634932
2011-11-29 18:00:00,280.8459990569701
2011-11-29 19:00:00,210.76117952845044
2011-11-29 20:00:00,126.90684968288633
2011-11-29 21:00:00,97.08609754576989
2011-11-29 22:00:00,91.50408792617046
2011-11-29 23:00:00,48.34347828892812
2011-11-30 00:00:00,27.234708415933117
2011-11-30 01:00:00,8.837200114979535
2011-11-30 02:00:00,5.444076638362782
2011-11-30 03:00:00,3.9839499925432422
2011-11-30 04:00:00,4.590946912148225
2011-11-30 05:00:00,18.281199126144244
2011-11-30 06:00:00,85.31878521901555
2011-11-30 07:00:00,243.29617079794718
2011-11-30 08:00:00,430.30166614021346
2011-11-30 09:00:00,209.72997182273951
2011-11-30 10:00:00,112.55843361448147
2011-11-30 11:00:00,129.22615396458446
2011-11-30 12:00:00,145.03787593437065
2011-11-30 13:00:00,154.7257461765115
2011-11-30 14:00:00,137.3057133127145
2011-11-30 15:00:00,142.92427933867734
2011-11-30 16:00:00,181.64733492503882
2011-11-30 17:00:00,358.65917550365293
2011-11-30 18:00:00,340.20116791083393
2011-11-30 19:00:00,232.4522539605052
2011-11-30 20:00:00,155.47430222074453
2011-11-30 21:00:00,96.43337218594932
2011-11-30 22:00:00,87.38986326529914
2011-11-30 23:00:00,51.55139804603062
2011-12-20 00:00:00,21.69853673158311
2011-12-20 01:00:00,8.85043384217099
2011-12-20 02:00:00,4.3561580503012785
2011-12-20 03:00:00,3.5947352983608987
2011-12-20 04:00:00,4.847897518427758
2011-12-20 05:00:00,20.914162493530284
2011-12-20 06:00:00,91.34169707914904
2011-12-20 07:00:00,249.93770417112265
2011-12-20 08:00:00,425.5540577789046
2011-12-20 09:00:00,218.82760025093452
2011-12-20 10:00:00,120.81060366399666
2011-12-20 11:00:00,135.25925931076287
2011-12-20 12:00:00,165.5649429897624
2011-12-20 13:00:00,163.3982909492774
2011-12-20 14:00:00,141.84901828910955
2011-12-20 15:00:00,154.08740175665181
2011-12-20 16:00:00,223.4486030819908
2011-12-20 17:00:00,440.30876120022594
2011-12-20 18:00:00,404.08270872006057
2011-12-20 19:00:00,273.5646309792509
2011-12-20 20:00:00,189.79081527898518
2011-12-20 21:00:00,129.25128142290853
2011-12-20 22:00:00,95.14759822866088
2011-12-20 23:00:00,66.1689555473144
2011-12-21 00:00:00,14.608413944652957
2011-12-21 01:00:00,5.69088479056462
2011-12-21 02:00:00,2.606601882753258
2011-12-21 03:00:00,1.8257774701326857
2011-12-21 04:00:00,1.7639365249653407
2011-12-21 05:00:00,7.344084295157861
2011-12-21 06:00:00,32.811648616887936
2011-12-21 07:00:00,103.46083200534578
2011-12-21 08:00:00,105.14132478075418
2011-12-21 09:00:00,104.7919578518584
2011-12-21 10:00:00,55.60177825861645
2011-12-21 11:00:00,58.54033851222251
2011-12-21 12:00:00,18.78930142739871
2011-12-21 13:00:00,13.927510816519005
2011-12-21 14:00:00,54.28193935195216
2011-12-21 15:00:00,60.22367055540987
2011-12-21 16:00:00,15.20959715704144
2011-12-21 17:00:00,36.65213511063123
2011-12-21 18:00:00,94.18015681808374
2011-12-21 19:00:00,96.41845406923109
2011-12-21 20:00:00,66.08808685877413
2011-12-21 21:00:00,78.21614370606548
2011-12-21 22:00:00,81.6147013336596
2011-12-21 23:00:00,50.41012339523502
2011-12-22 00:00:00,24.021774549708482
2011-12-22 01:00:00,9.318218515279165
2011-12-22 02:00:00,6.035434480116788
2011-12-22 03:00:00,3.212301403940942
2011-12-22 04:00:00,2.4660526214932283
2011-12-22 05:00:00,9.047845112251663
2011-12-22 06:00:00,42.20174226544843
2011-12-22 07:00:00,114.26765771147626
2011-12-22 08:00:00,250.8143127422842
2011-12-22 09:00:00,130.18052943702162
2011-12-22 10:00:00,69.15470692332279
2011-12-22 11:00:00,79.02174127164231
2011-12-22 12:00:00,116.38988095697077
2011-12-22 13:00:00,106.81068221602403
2011-12-22 14:00:00,95.48469595072919
2011-12-22 15:00:00,111.91726542212494
2011-12-22 16:00:00,141.47915606380167
2011-12-22 17:00:00,230.41758761121852
2011-12-22 18:00:00,216.8973532832534
2011-12-22 19:00:00,149.23060441253958
2011-12-22 20:00:00,62.39007952611263
2011-12-22 21:00:00,61.66701618245629
2011-12-22 22:00:00,39.52855311434971
2011-12-22 23:00:00,30.84334616689551
2011-12-23 00:00:00,16.841660648757394
2011-12-23 01:00:00,8.639835787286836
2011-12-23 02:00:00,5.5737517882689644
2011-12-23 03:00:00,2.5811288955402167
2011-12-23 04:00:00,1.0850893010205134
2011-12-23 05:00:00,7.038690006341993
2011-12-23 06:00:00,32.82072226692932
2011-12-23 07:00:00,126.15345452751308
2011-12-23 08:00:00,241.4558723240033
2011-12-23 09:00:00,138.81124091938435
2011-12-23 10:00:00,80.84472488174933
2011-12-23 11:00:00,92.62541254887554
2011-12-23 12:00:00,107.23861981062066
2011-12-23 13:00:00,101.83492100334779
2011-12-23 14:00:00,95.50330919803028
2011-12-23 15:00:00,102.70528412026125
2011-12-23 16:00:00,117.39144902569068
2011-12-23 17:00:00,203.90983517864888
2011-12-23 18:00:00,189.10477317646286
2011-12-23 19:00:00,131.56998506864196
2011-12-23 20:00:00,85.73276544584273
2011-12-23 21:00:00,72.56076848457619
2011-12-23 22:00:00,62.65215464859948
2011-12-23 23:00:00,47.45280957871094
2011-12-24 00:00:00,27.619200278311748
2011-12-24 01:00:00,21.134796663631878
2011-12-24 02:00:00,15.57447097466465
2011-12-24 03:00:00,8.937436237186503
2011-12-24 04:00:00,3.0509967399844697
2011-12-24 05:00:00,2.6502615875294433
2011-12-24 06:00:00,4.907113050461029
2011-12-24 07:00:00,18.784432867200074
2011-12-24 08:00:00,42.01962678674842
2011-12-24 09:00:00,62.10275905008999
2011-12-24 10:00:00,89.08975081737479
2011-12-24 11:00:00,109.29539974446541
2011-12-24 12:00:00,139.9353352138383
2011-12-24 13:00:00,139.29739523863975
2011-12-24 14:00:00,140.8427745834784
2011-12-24 15:00:00,130.69922825785196
2011-12-24 16:00:00,119.02014037993062
2011-12-24 17:00:00,90.2556801044938
2011-12-24 18:00:00,84.11458218407437
2011-12-24 19:00:00,74.10922453845464
2011-12-24 20:00:00,55.90300047263953
2011-12-24 21:00:00,46.50153512656382
2011-12-24 22:00:00,39.7903759732836
2011-12-24 23:00:00,35.32958858990576
2011-12-25 00:00:00,33.08813122791942
2011-12-25 01:00:00,27.341805756930235
2011-12-25 02:00:00,21.19890400564205
2011-12-25 03:00:00,13.496949792645315
2011-12-25 05:00:00,2.1628282114095887
2011-12-25 06:00:00,2.1882942842500506
2011-12-25 07:00:00,5.938364454825598
2011-12-25 08:00:00,14.996492233923167
2011-12-25 09:00:00,36.49899089671515
2011-12-25 10:00:00,80.88208307123152
2011-12-25 11:00:00,112.01682652098829
2011-12-25 12:00:00,106.72448424111948
2011-12-25 13:00:00,141.79442818767006
2011-12-25 14:00:00,133.73142716926873
2011-12-25 15:00:00,143.15201779236574
2011-12-25 16:00:00,129.58505443560745
2011-12-25 17:00:00,106.45065888556469
2011-12-25 18:00:00,74.50388531576945
2011-12-25 19:00:00,71.45945831292595
2011-12-25 20:00:00,55.133558699779584
2011-12-25 21:00:00,44.67128910051584
2011-12-25 22:00:00,31.461608479706207
2011-12-25 23:00:00,22.615197381578124
2011-12-26 00:00:00,18.94752597357499
2011-12-26 01:00:00,12.005426817720991
2011-12-26 02:00:00,6.931510571314044
2011-12-26 04:00:00,1.8771158287995093
2011-12-26 05:00:00,3.2986299646834034
2011-12-26 06:00:00,7.833750551346691
2011-12-26 07:00:00,30.006990060963624
2011-12-26 08:00:00,65.45726639436315
2011-12-26 09:00:00,60.17343263455213
2011-12-26 10:00:00,75.51514578780814
2011-12-26 11:00:00,77.6130460768695
2011-12-26 12:00:00,93.36763598958923
2011-12-26 13:00:00,107.46997895328131
2011-12-26 14:00:00,107.36713573255639
2011-12-26 15:00:00,105.35649492385203
2011-12-26 16:00:00,98.87853303333408
2011-12-26 17:00:00,109.0959543578523
2011-12-26 18:00:00,100.29058848447414
2011-12-26 19:00:00,76.8684838491135
2011-12-26 20:00:00,60.7753614169515
2011-12-26 21:00:00,48.79591535428055
2011-12-26 22:00:00,36.49118398745645
2011-12-26 23:00:00,19.245518775408055
2011-12-27 00:00:00,10.883053870887602
2011-12-27 01:00:00,4.82850360387505
2011-12-27 02:00:00,2.471012035228362
2011-12-27 03:00:00,1.900524321389672
2011-12-27 04:00:00,2.0033291595641805
2011-12-27 05:00:00,6.271019361302599
2011-12-27 06:00:00,33.52573830787976
2011-12-27 07:00:00,104.58603658346563
2011-12-27 08:00:00,242.01122801573433
2011-12-27 09:00:00,54.141916071517294
2011-12-27 10:00:00,57.57203604253182
2011-12-27 11:00:00,28.24972266308036
2011-12-27 12:00:00,32.722961524431234
2011-12-27 13:00:00,30.914827176258484
2011-12-27 14:00:00,15.507630713335324
2011-12-27 15:00:00,18.88247298259662
2011-12-27 16:00:00,21.443244281364063
2011-12-27 17:00:00,117.52839278054978
2011-12-27 18:00:00,122.14357133841325
2011-12-27 19:00:00,132.3417230699398
2011-12-27 20:00:00,83.26293490037729
2011-12-27 21:00:00,65.06053999397008
2011-12-27 22:00:00,51.95832857634054
2011-12-27 23:00:00,27.007851910294676
2011-12-28 00:00:00,14.202098763043601
2011-12-28 01:00:00,6.776999946225062
2011-12-28 02:00:00,3.1566220061384973
2011-12-28 03:00:00,1.9722431450916713
2011-12-28 05:00:00,7.061702365244427
2011-12-28 06:00:00,39.75148113865112
2011-12-28 07:00:00,125.38489820811508
2011-12-28 08:00:00,241.1048453444985
2011-12-28 09:00:00,131.00720476043475
2011-12-28 10:00:00,61.877021682858576
2011-12-28 11:00:00,65.19328944844844
2011-12-28 12:00:00,76.13350101331619
2011-12-28 13:00:00,78.31973250167702
2011-12-28 14:00:00,68.77657543642451
2011-12-28 15:00:00,76.15172970542558
2011-12-28 16:00:00,90.32198711029172
2011-12-28 17:00:00,193.5470365323876
2011-12-28 18:00:00,168.31157238112812
2011-12-28 19:00:00,115.69817599427596
2011-12-28 20:00:00,79.65247459556218
2011-12-28 21:00:00,62.45507771549779
2011-12-28 22:00:00,45.61672889050818
2011-12-28 23:00:00,21.42992034933866
2011-12-29 00:00:00,10.852899319101507
2011-12-29 01:00:00,4.68114915746419
2011-12-29 02:00:00,2.6672365085004364
2011-12-29 03:00:00,1.3899428341339761
2011-12-29 04:00:00,1.4466477428299038
2011-12-29 05:00:00,6.124550146171494
2011-12-29 06:00:00,34.763238502014204
2011-12-29 07:00:00,104.82814265761263
2011-12-29 08:00:00,225.33426930808307
2011-12-29 09:00:00,119.17489178229862
2011-12-29 10:00:00,48.81928591069086
2011-12-29 11:00:00,54.129139992975105
2011-12-29 12:00:00,67.48342891664149
2011-12-29 13:00:00,72.29309236301768
2011-12-29 14:00:00,68.66309286077576
2011-12-29 15:00:00,72.69596835698253
2011-12-29 16:00:00,96.90494367154193
2011-12-29 17:00:00,195.88195153176488
2011-12-29 18:00:00,184.42788270627557
2011-12-29 19:00:00,124.34009786534885
2011-12-29 20:00:00,81.61367924805704
2011-12-29 21:00:00,63.656814636998675
2011-12-29 22:00:00,52.10800904960765
2011-12-29 23:00:00,41.86310613951129
2011-12-30 00:00:00,20.170869340094097
2011-12-30 01:00:00,7.360411073935902
2011-12-30 02:00:00,4.002332529008975
2011-12-30 03:00:00,2.2591356670778233
2011-12-30 04:00:00,1.9532707565657494
2011-12-30 05:00:00,6.738589624853756
2011-12-30 06:00:00,27.824368630248564
2011-12-30 07:00:00,106.53318233444674
2011-12-30 08:00:00,218.25003076687616
2011-12-30 09:00:00,138.52407482928191
2011-12-30 10:00:00,67.95038192586982
2011-12-30 11:00:00,83.07705156583962
2011-12-30 12:00:00,102.7245937412524
2011-12-30 13:00:00,93.87041191140851
2011-12-30 14:00:00,89.15461237065661
2011-12-30 15:00:00,114.63092096864686
2011-12-30 16:00:00,136.14838110828768
2011-12-30 17:00:00,224.07494143999182
2011-12-30 18:00:00,188.6739036656396
2011-12-30 19:00:00,104.71229677943192
2011-12-30 20:00:00,86.3305032444052
2011-12-30 21:00:00,64.99082505907752
2011-12-30 22:00:00,60.085535273202986
2011-12-30 23:00:00,37.562452492126326
2011-12-31 00:00:00,29.211907932167197
2011-12-31 01:00:00,24.68607782605015
2011-12-31 02:00:00,15.572766334037862
2011-12-31 03:00:00,8.274234010967522
2011-12-31 04:00:00,2.9434954759711967
2011-12-31 05:00:00,2.488688503555907
2011-12-31 06:00:00,5.013757086751378
2011-12-31 07:00:00,12.319585727593749
2011-12-31 08:00:00,55.29948287870021
2011-12-31 09:00:00,73.23563352009353
2011-12-31 10:00:00,109.17975514819611
2011-12-31 11:00:00,149.02888795758116
2011-12-31 12:00:00,244.67543506717166
2011-12-31 13:00:00,225.0781888311567
2011-12-31 14:00:00,194.05863301216164
2011-12-31 15:00:00,178.52612220107508
2011-12-31 16:00:00,144.79175448068068
2011-12-31 17:00:00,137.00546718763997
2011-12-31 18:00:00,122.10952911131652
2011-12-31 19:00:00,107.57625074029602
2011-12-31 20:00:00,91.31739293704781
2011-12-31 21:00:00,75.06491648541085
2011-12-31 22:00:00,66.94103634420503
2011-12-31 23:00:00,46.335048337867114
2012-01-20 00:00:00,23.410110986151818
2012-01-20 01:00:00,13.158627835434833
2012-01-20 02:00:00,7.350237606324745
2012-01-20 03:00:00,3.793835537703665
2012-01-20 04:00:00,3.543403236641902
2012-01-20 05:00:00,18.92946693035936
2012-01-20 06:00:00,88.99439671448079
2012-01-20 07:00:00,227.9564125900137
2012-01-20 08:00:00,471.00546476663504
2012-01-20 09:00:00,242.50221678092296
2012-01-20 10:00:00,115.24369829080308
2012-01-20 11:00:00,111.30703046191807
2012-01-20 12:00:00,124.40054322847064
2012-01-20 13:00:00,147.8645721773858
2012-01-20 14:00:00,128.64544074913826
2012-01-20 15:00:00,130.0852420430248
2012-01-20 16:00:00,176.45980728501848
2012-01-20 17:00:00,275.2295163444129
2012-01-20 18:00:00,248.16538526902985
2012-01-20 19:00:00,176.52389192123232
2012-01-20 20:00:00,119.14054654084762
2012-01-20 21:00:00,97.53240774680602
2012-01-20 22:00:00,77.88356273904358
2012-01-20 23:00:00,37.78791009786633
2012-01-21 00:00:00,44.86111336093142
2012-01-21 01:00:00,41.85731752225198
2012-01-21 02:00:00,37.30812967465317
2012-01-21 03:00:00,15.324662242528923
2012-01-21 04:00:00,5.5640496179236125
2012-01-21 05:00:00,4.193604467414884
2012-01-21 06:00:00,4.754966529790142
2012-01-21 07:00:00,20.022047894076866
2012-01-21 08:00:00,65.04358742452436
2012-01-21 09:00:00,99.34734321571334
2012-01-21 10:00:00,100.42872067788296
2012-01-21 11:00:00,175.99911441344096
2012-01-21 12:00:00,198.75028348628823
2012-01-21 13:00:00,167.3315129202208
2012-01-21 14:00:00,121.74596175423426
2012-01-21 15:00:00,120.90925014866941
2012-01-21 16:00:00,131.0000663156611
2012-01-21 17:00:00,124.07117048851134
2012-01-21 18:00:00,123.03304003852683
2012-01-21 19:00:00,101.00700801422322
2012-01-21 20:00:00,89.6330948991386
2012-01-21 21:00:00,73.00602785197222
2012-01-21 22:00:00,66.29063020247379
2012-01-21 23:00:00,48.34499310051634
2012-01-22 00:00:00,65.24994198397405
2012-01-22 01:00:00,49.31692449830755
2012-01-22 02:00:00,40.636679291744414
2012-01-22 03:00:00,18.44189747175961
2012-01-22 04:00:00,4.950189053568067
2012-01-22 05:00:00,3.888130953154885
2012-01-22 06:00:00,4.4104701760813905
2012-01-22 07:00:00,15.412163050410832
2012-01-22 08:00:00,42.9986448522838
2012-01-22 09:00:00,98.22055218245768
2012-01-22 10:00:00,136.10547441968762
2012-01-22 11:00:00,135.86401084943043
2012-01-22 12:00:00,188.73662831951333
2012-01-22 13:00:00,199.73243938354918
2012-01-22 14:00:00,223.9775685140853
2012-01-22 15:00:00,188.5893712925084
2012-01-22 16:00:00,184.587701226029
2012-01-22 17:00:00,162.42937339854754
2012-01-22 18:00:00,106.2493894393955
2012-01-22 19:00:00,83.47544696768826
2012-01-22 20:00:00,64.78901448704728
2012-01-22 21:00:00,48.05029964929501
2012-01-22 22:00:00,48.923015504281224
2012-01-22 23:00:00,29.013499298218566
2012-01-23 00:00:00,13.498294709597605
2012-01-23 01:00:00,6.1292445934585675
2012-01-23 02:00:00,3.4888031136184905
2012-01-23 03:00:00,2.561084466937613
2012-01-23 04:00:00,2.926021295087864
2012-01-23 05:00:00,15.705233975197405
2012-01-23 06:00:00,82.03715467280432
2012-01-23 07:00:00,133.92000231232834
2012-01-23 08:00:00,301.7698049520916
2012-01-23 09:00:00,202.04502537337544
2012-01-23 10:00:00,77.2334248501626
2012-01-23 11:00:00,86.7274350183194
2012-01-23 12:00:00,85.74087128170072
2012-01-23 13:00:00,55.75128752785691
2012-01-23 14:00:00,50.62274661708551
2012-01-23 15:00:00,85.4090382828465
2012-01-23 16:00:00,148.8207574814206
2012-01-23 17:00:00,279.01798816128917
2012-01-23 18:00:00,296.28264492231705
2012-01-23 19:00:00,187.60603728835386
2012-01-23 20:00:00,135.83266225915182
2012-01-23 21:00:00,95.14970431928721
2012-01-23 22:00:00,72.3491451700631
2012-01-23 23:00:00,23.776320523071963
2012-01-24 00:00:00,11.49689925844597
2012-01-24 01:00:00,4.823654180622516
2012-01-24 02:00:00,3.3524222830106067
2012-01-24 03:00:00,1.9164254982719409
2012-01-24 04:00:00,2.450858403302057
2012-01-24 05:00:00,17.412612520079797
2012-01-24 06:00:00,69.37478257130984
2012-01-24 07:00:00,206.29882181224525
2012-01-24 08:00:00,416.93338763627366
2012-01-24 09:00:00,186.6538520919946
2012-01-24 10:00:00,91.55034499460362
2012-01-24 11:00:00,123.68470674411896
2012-01-24 12:00:00,129.0529024658809
2012-01-24 13:00:00,130.77640659238094
2012-01-24 14:00:00,112.40650387515792
2012-01-24 15:00:00,168.00673692469812
2012-01-24 16:00:00,242.82655507137153
2012-01-24 17:00:00,458.6912705896792
2012-01-24 18:00:00,425.25097806612536
2012-01-24 19:00:00,337.025530147087
2012-01-24 20:00:00,173.61518799234202
2012-01-24 21:00:00,144.09361348972524
2012-01-24 22:00:00,102.59937688090008
2012-01-24 23:00:00,51.977345750821584
2012-01-25 00:00:00,9.889210895389839
2012-01-25 01:00:00,8.875716809853895
2012-01-25 02:00:00,5.270560139709406
2012-01-25 03:00:00,2.767139014394164
2012-01-25 04:00:00,2.6835508848143097
2012-01-25 05:00:00,17.559801915732685
2012-01-25 06:00:00,105.85166898264421
2012-01-25 07:00:00,272.4083623792283
2012-01-25 08:00:00,552.5514551109436
2012-01-25 09:00:00,260.8037279817688
2012-01-25 10:00:00,97.14944524227019
2012-01-25 11:00:00,116.38472855813913
2012-01-25 12:00:00,151.02530219609181
2012-01-25 13:00:00,163.07361532773737
2012-01-25 14:00:00,137.9172677033803
2012-01-25 15:00:00,158.10120350255218
2012-01-25 16:00:00,210.59740939711412
2012-01-25 17:00:00,385.0852217111847
2012-01-25 18:00:00,345.5081911856636
2012-01-25 19:00:00,266.1528579843034
2012-01-25 20:00:00,170.4948394965111
2012-01-25 21:00:00,126.71293719024453
2012-01-25 22:00:00,103.42072414487178
2012-01-25 23:00:00,48.03345203448351
2012-01-26 00:00:00,20.238734815967064
2012-01-26 01:00:00,9.396521583501794
2012-01-26 02:00:00,6.409460537330825
2012-01-26 03:00:00,2.8893910659878212
2012-01-26 04:00:00,3.190090625453804
2012-01-26 05:00:00,18.784437015681103
2012-01-26 06:00:00,93.93089004853162
2012-01-26 07:00:00,246.98421753286743
2012-01-26 08:00:00,489.5245425932597
2012-01-26 09:00:00,209.55704099712793
2012-01-26 10:00:00,112.68014246983518
2012-01-26 11:00:00,111.21738788528815
2012-01-26 12:00:00,159.47903625422964
2012-01-26 13:00:00,170.7991031060981
2012-01-26 14:00:00,153.9772750604733
2012-01-26 15:00:00,181.93575441770025
2012-01-26 16:00:00,234.27640417926827
2012-01-26 17:00:00,456.4035222883303
2012-01-26 18:00:00,432.1879235232053
2012-01-26 19:00:00,300.5939025228878
2012-01-26 20:00:00,204.07165910596615
2012-01-26 21:00:00,155.89958660540893
2012-01-26 22:00:00,135.43882331212652
2012-01-26 23:00:00,68.30403292553166
2012-01-27 00:00:00,35.49926512887296
2012-01-27 01:00:00,14.470938897727553
2012-01-27 02:00:00,11.025542971697098
2012-01-27 03:00:00,3.27210379302519
2012-01-27 04:00:00,2.289321580441506
2012-01-27 05:00:00,17.72525891872685
2012-01-27 06:00:00,74.66677735951156
2012-01-27 07:00:00,204.724272655732
2012-01-27 08:00:00,218.8570284818122
2012-01-27 09:00:00,126.11834673015824
2012-01-27 10:00:00,90.1828065925241
2012-01-27 11:00:00,224.3080131545478
2012-01-27 12:00:00,230.06389707966446
2012-01-27 13:00:00,259.0475017447619
2012-01-27 14:00:00,230.6463954967412
2012-01-27 15:00:00,242.66012024053836
2012-01-27 16:00:00,259.6558353074408
2012-01-27 17:00:00,381.8236458555239
2012-01-27 18:00:00,372.12351065355364
2012-01-27 19:00:00,247.58241232026145
2012-01-27 20:00:00,177.95441112852836
2012-01-27 21:00:00,133.29487063762517
2012-01-27 22:00:00,125.04463073477403
2012-01-27 23:00:00,85.79205285144472
2012-01-28 00:00:00,76.25760753541397
2012-01-28 01:00:00,53.2014770765496
2012-01-28 02:00:00,35.5474942439958
2012-01-28 03:00:00,17.476322510100857
2012-01-28 04:00:00,5.795154944605272
2012-01-28 05:00:00,4.729614283001172
2012-01-28 06:00:00,6.480376505241457
2012-01-28 07:00:00,24.867087218719664
2012-01-28 08:00:00,74.18281461121113
2012-01-28 09:00:00,116.86157391928876
2012-01-28 10:00:00,180.58092926397086
2012-01-28 11:00:00,212.25578536095196
2012-01-28 12:00:00,233.9783382756294
2012-01-28 13:00:00,290.01310670141856
2012-01-28 14:00:00,302.4564560676809
2012-01-28 15:00:00,288.6482417583284
2012-01-28 16:00:00,356.97753741704497
2012-01-28 17:00:00,312.50830516217246
2012-01-28 18:00:00,271.10574166422754
2012-01-28 19:00:00,194.57904551352541
2012-01-28 20:00:00,159.65395800333593
2012-01-28 21:00:00,112.87067077439606
2012-01-28 22:00:00,110.54891631769812
2012-01-28 23:00:00,84.93440840933317
2012-01-29 00:00:00,59.34014766184323
2012-01-29 01:00:00,44.776376561926746
2012-01-29 02:00:00,33.90435868097261
2012-01-29 03:00:00,14.936968512339172
2012-01-29 04:00:00,4.779142436412939
2012-01-29 05:00:00,4.091074577257247
2012-01-29 06:00:00,4.25742001970272
2012-01-29 07:00:00,15.86770130401926
2012-01-29 08:00:00,45.561448232268
2012-01-29 09:00:00,110.77493473178252
2012-01-29 10:00:00,182.3973148895462
2012-01-29 11:00:00,202.27888719533618
2012-01-29 12:00:00,274.7310337066064
2012-01-29 13:00:00,269.71719025533014
2012-01-29 14:00:00,258.4663860878157
2012-01-29 15:00:00,301.460888853905
2012-01-29 16:00:00,290.69670246473413
2012-01-29 17:00:00,249.0551641798207
2012-01-29 18:00:00,184.6816747786462
2012-01-29 19:00:00,122.93499278952106
2012-01-29 20:00:00,79.93014391716454
2012-01-29 21:00:00,71.45253197488435
2012-01-29 22:00:00,64.06920443141254
2012-01-29 23:00:00,31.639426481790828
2012-01-30 00:00:00,15.903607599559795
2012-01-30 01:00:00,4.69935809032497
2012-01-30 02:00:00,3.5062281910038857
2012-01-30 03:00:00,2.4515635828323656
2012-01-30 04:00:00,2.648808112689265
2012-01-30 05:00:00,14.908402967097391
2012-01-30 06:00:00,100.77254375651336
2012-01-30 07:00:00,249.70363465141065
2012-01-30 08:00:00,434.3291786106669
2012-01-30 09:00:00,213.53575030458677
2012-01-30 10:00:00,94.5885806286948
2012-01-30 11:00:00,111.45157129537752
2012-01-30 12:00:00,121.38935108671365
2012-01-30 13:00:00,150.31062283439695
2012-01-30 14:00:00,137.25932769542052
2012-01-30 15:00:00,149.57740203402443
2012-01-30 16:00:00,228.54443420315502
2012-01-30 17:00:00,427.44793558479165
2012-01-30 18:00:00,409.8651764486443
2012-01-30 19:00:00,220.54340822950397
2012-01-30 20:00:00,158.86081542804402
2012-01-30 21:00:00,129.72479877442362
2012-01-30 22:00:00,84.2395146642986
2012-01-30 23:00:00,41.84937631197271
2012-01-31 00:00:00,18.91512209447183
2012-01-31 01:00:00,6.097861949904845
2012-01-31 02:00:00,4.512604822046374
2012-01-31 03:00:00,2.622260430045883
2012-01-31 04:00:00,2.9560851429304713
2012-01-31 05:00:00,19.87367725829629
2012-01-31 06:00:00,104.25766931361348
2012-01-31 07:00:00,254.32510650366623
2012-01-31 08:00:00,498.184252068638
2012-01-31 09:00:00,230.85513517694307
2012-01-31 10:00:00,115.96436195215799
2012-01-31 11:00:00,145.28576333723078
2012-01-31 12:00:00,165.82093701555476
2012-01-31 13:00:00,203.27001271176766
2012-01-31 14:00:00,189.37182773909848
2012-01-31 15:00:00,205.478631868755
2012-01-31 16:00:00,306.9657064551279
2012-01-31 17:00:00,568.503307787935
2012-01-31 18:00:00,535.2791799707501
2012-01-31 19:00:00,387.98947621209925
2012-01-31 20:00:00,217.93577883386888
2012-01-31 21:00:00,178.33694250499335
2012-01-31 22:00:00,113.43557202153723
2012-01-31 23:00:00,62.010116887350584
2012-02-20 00:00:00,24.74678622603201
2012-02-20 01:00:00,17.59999616708346
2012-02-20 02:00:00,11.879981472385538
2012-02-20 03:00:00,4.542138789602494
2012-02-20 05:00:00,8.916361454214538
2012-02-20 06:00:00,12.236619362981603
2012-02-20 07:00:00,43.95889925739143
2012-02-20 08:00:00,86.00596938939947
2012-02-20 09:00:00,108.71705716984391
2012-02-20 10:00:00,137.30712145618796
2012-02-20 11:00:00,134.12075856544715
2012-02-20 12:00:00,167.91603696606472
2012-02-20 13:00:00,167.5714987098883
2012-02-20 14:00:00,178.71560944212595
2012-02-20 15:00:00,188.49597339901499
2012-02-20 16:00:00,222.34035582190307
2012-02-20 17:00:00,265.4290589680236
2012-02-20 18:00:00,211.4072627794667
2012-02-20 19:00:00,183.08124995496408
2012-02-20 20:00:00,151.52140382114547
2012-02-20 21:00:00,99.337989704086
2012-02-20 22:00:00,71.7821510797342
2012-02-20 23:00:00,37.53255572833113
2012-02-21 00:00:00,12.834098964791197
2012-02-21 01:00:00,5.57129022005923
2012-02-21 02:00:00,3.3453258314967087
2012-02-21 04:00:00,2.6017317787584107
2012-02-21 05:00:00,18.410980876847443
2012-02-21 06:00:00,101.62388160837419
2012-02-21 07:00:00,242.93539335891654
2012-02-21 08:00:00,482.6479802804729
2012-02-21 09:00:00,233.54696592145632
2012-02-21 10:00:00,105.88034088416862
2012-02-21 11:00:00,103.2434697670393
2012-02-21 12:00:00,129.55999815744084
2012-02-21 13:00:00,151.22338592045736
2012-02-21 14:00:00,118.80971932475214
2012-02-21 15:00:00,145.04667243324354
2012-02-21 16:00:00,197.67939243381076
2012-02-21 17:00:00,449.10405592367005
2012-02-21 18:00:00,427.5607186470405
2012-02-21 19:00:00,282.18834733631707
2012-02-21 20:00:00,192.39507010606732
2012-02-21 21:00:00,141.22016129580865
2012-02-21 22:00:00,100.25255478221376
2012-02-21 23:00:00,56.099146312670825
2012-02-22 00:00:00,20.498842623866388
2012-02-22 01:00:00,8.601342415927322
2012-02-22 02:00:00,4.383912940314261
2012-02-22 03:00:00,2.8559792266300605
2012-02-22 04:00:00,3.0808104381234216
2012-02-22 05:00:00,18.873748419491196
2012-02-22 06:00:00,97.45187821987717
2012-02-22 07:00:00,238.40254191395692
2012-02-22 08:00:00,514.0101180453363
2012-02-22 09:00:00,216.20918002426706
2012-02-22 10:00:00,128.52197413038385
2012-02-22 11:00:00,139.32174374091602
2012-02-22 12:00:00,167.3908913613709
2012-02-22 13:00:00,178.2646804940987
2012-02-22 14:00:00,159.59312504803435
2012-02-22 15:00:00,207.40430302766882
2012-02-22 16:00:00,307.64764362308756
2012-02-22 17:00:00,542.8737524005361
2012-02-22 18:00:00,515.707181544429
2012-02-22 19:00:00,341.12936877674997
2012-02-22 20:00:00,206.69972202440616
2012-02-22 21:00:00,167.151398085335
2012-02-22 22:00:00,107.52968027382244
2012-02-22 23:00:00,63.828611779200415
2012-02-23 00:00:00,26.6975494026037
2012-02-23 01:00:00,10.84032060716577
2012-02-23 02:00:00,7.17261350061921
2012-02-23 03:00:00,2.6884495607806094
2012-02-23 04:00:00,3.1045835405643087
2012-02-23 05:00:00,21.044130127421127
2012-02-23 06:00:00,104.31106198019923
2012-02-23 07:00:00,276.68980094678017
2012-02-23 08:00:00,514.3308986996631
2012-02-23 09:00:00,225.7902606328319
2012-02-23 10:00:00,164.6218068534418
2012-02-23 11:00:00,190.544454206601
2012-02-23 12:00:00,235.1356570205234
2012-02-23 13:00:00,245.1952192477587
2012-02-23 14:00:00,223.75630030702752
2012-02-23 15:00:00,241.4529767316095
2012-02-23 16:00:00,362.44268328049645
2012-02-23 17:00:00,553.1956483481713
2012-02-23 18:00:00,549.5891179163823
2012-02-23 19:00:00,422.6030239061497
2012-02-23 20:00:00,254.83538875526727
2012-02-23 21:00:00,168.5321352178115
2012-02-23 22:00:00,131.72104876680274
2012-02-23 23:00:00,90.41407532526817
2012-02-24 00:00:00,46.425875053613424
2012-02-24 01:00:00,22.821920130177368
2012-02-24 02:00:00,7.058542374530402
2012-02-24 03:00:00,5.560609621560046
2012-02-24 04:00:00,4.375706000725401
2012-02-24 05:00:00,19.698939656055764
2012-02-24 06:00:00,96.40919517943063
2012-02-24 07:00:00,242.80850982236873
2012-02-24 08:00:00,425.48880777473545
2012-02-24 09:00:00,111.76134471182576
2012-02-24 10:00:00,86.26816307611662
2012-02-24 11:00:00,167.33159448844668
2012-02-24 12:00:00,197.94880979563905
2012-02-24 13:00:00,207.3150539673042
2012-02-24 14:00:00,206.32993157817967
2012-02-24 15:00:00,98.04346805671084
2012-02-24 16:00:00,123.80349588889906
2012-02-24 17:00:00,243.7282947338977
2012-02-24 18:00:00,390.31869935515806
2012-02-24 19:00:00,294.53387064101474
2012-02-24 20:00:00,206.57094877723287
2012-02-24 21:00:00,134.34444271777116
2012-02-24 22:00:00,119.6183804218539
2012-02-24 23:00:00,77.57616591996502
2012-02-25 00:00:00,86.40724824893385
2012-02-25 01:00:00,59.76780135575405
2012-02-25 02:00:00,38.61581921317182
2012-02-25 03:00:00,18.644930193573728
2012-02-25 04:00:00,6.5788766007813955
2012-02-25 05:00:00,5.215550332523096
2012-02-25 06:00:00,8.952948393182272
2012-02-25 07:00:00,46.79676198034248
2012-02-25 08:00:00,78.53564728011636
2012-02-25 09:00:00,71.85902039688696
2012-02-25 10:00:00,186.6670346920929
2012-02-25 11:00:00,205.95522493675767
2012-02-25 12:00:00,247.74915447262882
2012-02-25 13:00:00,270.4463316423265
2012-02-25 14:00:00,266.5026757214207
2012-02-25 15:00:00,268.36943207360406
2012-02-25 16:00:00,235.45482219262362
2012-02-25 17:00:00,202.21119375656698
2012-02-25 18:00:00,163.03347923038024
2012-02-25 19:00:00,135.21759514089524
2012-02-25 20:00:00,106.47673873850725
2012-02-25 21:00:00,86.90961795977083
2012-02-25 22:00:00,77.08713599465771
2012-02-25 23:00:00,68.12336109598994
2012-02-26 00:00:00,62.591959062935196
2012-02-26 01:00:00,51.01862291766694
2012-02-26 02:00:00,44.72931606035751
2012-02-26 03:00:00,21.6962916086795
2012-02-26 04:00:00,5.5678456266029634
2012-02-26 05:00:00,4.3993344527318685
2012-02-26 06:00:00,4.797291683582211
2012-02-26 07:00:00,16.946751432503003
2012-02-26 08:00:00,43.27787834173984
2012-02-26 09:00:00,107.69994713038528
2012-02-26 10:00:00,185.7899879735429
2012-02-26 11:00:00,219.9803779909184
2012-02-26 12:00:00,266.56097724675266
2012-02-26 13:00:00,290.14267362697785
2012-02-26 14:00:00,320.7851195816235
2012-02-26 15:00:00,315.22695246910496
2012-02-26 16:00:00,289.3935333306822
2012-02-26 17:00:00,247.93431305833684
2012-02-26 18:00:00,182.7876212192065
2012-02-26 19:00:00,158.07634207179535
2012-02-26 20:00:00,90.2472576874456
2012-02-26 21:00:00,78.0650441680718
2012-02-26 22:00:00,64.18566176446879
2012-02-26 23:00:00,33.681034101870296
2012-02-27 00:00:00,15.836748678225945
2012-02-27 01:00:00,5.677456462661188
2012-02-27 02:00:00,3.599568709606644
2012-02-27 03:00:00,2.8831078466821234
2012-02-27 04:00:00,2.832773180280968
2012-02-27 05:00:00,16.522470732625855
2012-02-27 06:00:00,103.10313058783574
2012-02-27 07:00:00,262.7836247830838
2012-02-27 08:00:00,535.3413500807033
2012-02-27 09:00:00,236.2442551415931
2012-02-27 10:00:00,116.24463188338582
2012-02-27 11:00:00,138.93261433470494
2012-02-27 12:00:00,168.91506140915678
2012-02-27 13:00:00,165.3847523742086
2012-02-27 14:00:00,175.78545139737787
2012-02-27 15:00:00,207.15036518375226
2012-02-27 16:00:00,309.12538569840945
2012-02-27 17:00:00,542.56278471506
2012-02-27 18:00:00,541.6034046116871
2012-02-27 19:00:00,378.0539481445244
2012-02-27 20:00:00,240.8976431620285
2012-02-27 21:00:00,164.01388331524558
2012-02-27 22:00:00,105.5774837797636
2012-02-27 23:00:00,56.741198028383245
2012-02-28 00:00:00,21.67794549021031
2012-02-28 01:00:00,9.298632191311329
2012-02-28 02:00:00,5.330673334773652
2012-02-28 03:00:00,2.371617720623094
2012-02-28 04:00:00,2.6461585158379655
2012-02-28 05:00:00,16.88571352322183
2012-02-28 06:00:00,103.57891614408103
2012-02-28 07:00:00,269.34690097812324
2012-02-28 08:00:00,454.75417502529575
2012-02-28 09:00:00,215.6861101638291
2012-02-28 10:00:00,114.36030282728994
2012-02-28 11:00:00,141.6887110247856
2012-02-28 12:00:00,170.9763796681035
2012-02-28 13:00:00,169.4495643180719
2012-02-28 14:00:00,160.99538331944953
2012-02-28 15:00:00,189.42603006405074
2012-02-28 16:00:00,257.61414068715567
2012-02-28 17:00:00,488.14578788193774
2012-02-28 18:00:00,453.7037025335321
2012-02-28 19:00:00,346.8565545840282
2012-02-28 20:00:00,214.81299496576307
2012-02-28 21:00:00,138.19839856807886
2012-02-28 22:00:00,104.04622528219258
2012-02-28 23:00:00,54.31799151287727
2012-02-29 00:00:00,20.041437422531082
2012-02-29 01:00:00,7.828282415776783
2012-02-29 02:00:00,5.082099214465846
2012-02-29 03:00:00,2.5254674539679325
2012-02-29 05:00:00,17.089990375050473
2012-02-29 06:00:00,91.1241518788108
2012-02-29 07:00:00,238.55571088552355
2012-02-29 08:00:00,465.1604454768542
2012-02-29 09:00:00,120.69381638043272
2012-02-29 10:00:00,58.3926784158958
2012-02-29 11:00:00,46.93062319865778
2012-02-29 12:00:00,38.99137621969017
2012-02-29 13:00:00,89.70142605890007
2012-02-29 14:00:00,78.78346782968646
2012-02-29 15:00:00,121.9918072590484
2012-02-29 16:00:00,81.5180133694785
2012-02-29 17:00:00,373.2426592510384
2012-02-29 18:00:00,207.86773356393465
2012-02-29 19:00:00,273.43113468847963
2012-02-29 20:00:00,114.61646309048825
2012-02-29 21:00:00,96.49033167088909
2012-02-29 22:00:00,49.53164312540105
2012-02-29 23:00:00,29.89366479317788
2012-03-20 00:00:00,27.101156720193153
2012-03-20 01:00:00,11.180481537028372
2012-03-20 02:00:00,5.96299057472952
2012-03-20 03:00:00,3.1204315730053427
2012-03-20 04:00:00,3.568472234117068
2012-03-20 05:00:00,24.710860170578837
2012-03-20 06:00:00,132.0936255257721
2012-03-20 07:00:00,162.38358416275554
2012-03-20 08:00:00,607.7308939052897
2012-03-20 09:00:00,296.0605300917615
2012-03-20 10:00:00,167.1368918222027
2012-03-20 11:00:00,184.98235044088307
2012-03-20 12:00:00,221.29902898049752
2012-03-20 13:00:00,218.06475626845588
2012-03-20 14:00:00,200.59724861353507
2012-03-20 15:00:00,220.142933063747
2012-03-20 16:00:00,338.13183678912685
2012-03-20 17:00:00,608.7492171168382
2012-03-20 18:00:00,562.2278288317816
2012-03-20 19:00:00,458.1983708259125
2012-03-20 20:00:00,339.3107387700783
2012-03-20 21:00:00,251.35804436187473
2012-03-20 22:00:00,163.36019886824565
2012-03-20 23:00:00,79.43779818461167
2012-03-21 00:00:00,42.265985212443454
2012-03-21 01:00:00,19.075240257821388
2012-03-21 02:00:00,7.918247607697101
2012-03-21 03:00:00,4.673185941467875
2012-03-21 04:00:00,5.0716647832358746
2012-03-21 05:00:00,29.971462537042232
2012-03-21 06:00:00,120.24269539200624
2012-03-21 07:00:00,149.15856853676704
2012-03-21 08:00:00,294.4541810236556
2012-03-21 09:00:00,298.52807413688043
2012-03-21 10:00:00,185.1939295063334
2012-03-21 11:00:00,191.03823183080863
2012-03-21 12:00:00,208.1001475878415
2012-03-21 13:00:00,197.06321945992093
2012-03-21 14:00:00,195.75575480549696
2012-03-21 15:00:00,218.018975461331
2012-03-21 16:00:00,383.3039924736183
2012-03-21 17:00:00,644.5143217919926
2012-03-21 18:00:00,626.1161811701324
2012-03-21 19:00:00,530.2148326851849
2012-03-21 20:00:00,339.9044577740087
2012-03-21 21:00:00,253.0890156853963
2012-03-21 22:00:00,203.99219681503504
2012-03-21 23:00:00,118.51877413341347
2012-03-22 00:00:00,54.72749835743265
2012-03-22 01:00:00,22.551135452893494
2012-03-22 02:00:00,10.62050613570394
2012-03-22 03:00:00,7.023082852270358
2012-03-22 04:00:00,5.198761144294441
2012-03-22 05:00:00,32.31181693969749
2012-03-22 06:00:00,146.00775019555186
2012-03-22 07:00:00,384.03517144385455
2012-03-22 08:00:00,708.927822522337
2012-03-22 09:00:00,319.67432715678245
2012-03-22 10:00:00,171.8317046667899
2012-03-22 11:00:00,216.85229946194724
2012-03-22 12:00:00,202.73498900964304
2012-03-22 13:00:00,265.1851003723246
2012-03-22 14:00:00,253.53029502196748
2012-03-22 15:00:00,282.446738424505
2012-03-22 16:00:00,413.5634975197465
2012-03-22 17:00:00,676.192614289496
2012-03-22 18:00:00,664.5413413047681
2012-03-22 19:00:00,553.5065885329169
2012-03-22 20:00:00,357.32314176505884
2012-03-22 21:00:00,295.62824131106265
2012-03-22 22:00:00,212.93283590670563
2012-03-22 23:00:00,139.7927550974619
2012-03-23 00:00:00,88.12106099291906
2012-03-23 01:00:00,33.169931406057934
2012-03-23 02:00:00,14.731893235064947
2012-03-23 03:00:00,8.391989503158825
2012-03-23 04:00:00,6.7438855839675185
2012-03-23 05:00:00,34.03375161303916
2012-03-23 06:00:00,142.83606648694445
2012-03-23 07:00:00,334.98653477491206
2012-03-23 08:00:00,641.6532400478765
2012-03-23 09:00:00,353.23231519886593
2012-03-23 10:00:00,193.7286601311658
2012-03-23 11:00:00,261.38089079444296
2012-03-23 12:00:00,360.13892116387956
2012-03-23 13:00:00,363.1392263287789
2012-03-23 14:00:00,339.2865177417816
2012-03-23 15:00:00,365.63981857627107
2012-03-23 16:00:00,513.3774555494875
2012-03-23 17:00:00,697.0612764428257
2012-03-23 18:00:00,668.3230786317637
2012-03-23 19:00:00,492.4637199502464
2012-03-23 20:00:00,390.0833025535733
2012-03-23 21:00:00,314.4930931751232
2012-03-23 22:00:00,251.06178366605408
2012-03-23 23:00:00,181.5578522993062
2012-03-24 00:00:00,143.2707673008356
2012-03-24 01:00:00,114.85357646734329
2012-03-24 02:00:00,81.28181058511909
2012-03-24 03:00:00,34.60775041505796
2012-03-24 04:00:00,13.039509943151092
2012-03-24 05:00:00,15.394795812964482
2012-03-24 06:00:00,37.76163385616424
2012-03-24 07:00:00,80.1874538842656
2012-03-24 08:00:00,151.760492627012
2012-03-24 09:00:00,258.6079030069217
2012-03-24 10:00:00,281.8439411348396
2012-03-24 11:00:00,293.0671476041917
2012-03-24 12:00:00,180.0567272115858
2012-03-24 13:00:00,166.91395250960613
2012-03-24 14:00:00,140.03761219396256
2012-03-24 15:00:00,110.24187882733732
2012-03-24 16:00:00,100.47985275428726
2012-03-24 17:00:00,107.29453187425847
2012-03-24 18:00:00,97.28912832092719
2012-03-24 19:00:00,147.1159834628297
2012-03-24 20:00:00,80.95190592861827
2012-03-24 21:00:00,74.09635934029845
2012-03-24 22:00:00,52.50163431641333
2012-03-24 23:00:00,78.13645589738258
2012-03-25 00:00:00,64.08606977882376
2012-03-25 01:00:00,49.60768907273417
2012-03-25 02:00:00,28.030027792333268
2012-03-25 03:00:00,16.446117822158733
2012-03-25 04:00:00,8.176635012852328
2012-03-25 05:00:00,5.787155000764679
2012-03-25 06:00:00,9.48771208646922
2012-03-25 07:00:00,32.68519456310894
2012-03-25 08:00:00,72.2530373850998
2012-03-25 09:00:00,146.1499462734902
2012-03-25 10:00:00,170.23050440866626
2012-03-25 11:00:00,217.6685235902005
2012-03-25 12:00:00,261.4444374711168
2012-03-25 13:00:00,363.410211785229
2012-03-25 14:00:00,369.2761309173782
2012-03-25 15:00:00,299.3926726104073
2012-03-25 16:00:00,401.6059322180569
2012-03-25 17:00:00,354.9730816145437
2012-03-25 18:00:00,333.05909287042016
2012-03-25 19:00:00,266.5785553132229
2012-03-25 20:00:00,153.15322924545345
2012-03-25 21:00:00,143.49302769642657
2012-03-25 22:00:00,118.17547758850668
2012-03-25 23:00:00,80.79578016095465
2012-03-26 00:00:00,34.07049509683164
2012-03-26 01:00:00,14.993770432058136
2012-03-26 02:00:00,6.714037551463529
2012-03-26 03:00:00,5.042727177840222
2012-03-26 04:00:00,5.666102635822929
2012-03-26 05:00:00,37.478322971701495
2012-03-26 06:00:00,140.18114178506607
2012-03-26 07:00:00,428.2804321161266
2012-03-26 08:00:00,597.8718334652938
2012-03-26 09:00:00,279.86008158024686
2012-03-26 10:00:00,196.6594248968376
2012-03-26 11:00:00,210.67786757696788
2012-03-26 12:00:00,242.20328885418624
2012-03-26 13:00:00,237.48552392340633
2012-03-26 14:00:00,217.39884090314175
2012-03-26 15:00:00,235.86908784605652
2012-03-26 16:00:00,351.3629362346126
2012-03-26 17:00:00,592.1073802758407
2012-03-26 18:00:00,593.7289721402491
2012-03-26 19:00:00,441.72528332060244
2012-03-26 20:00:00,269.80505388608094
2012-03-26 21:00:00,175.21755313077597
2012-03-26 22:00:00,119.29706070136633
2012-03-26 23:00:00,54.421646534756015
2012-03-27 00:00:00,16.232287943196223
2012-03-27 01:00:00,5.453845596296622
2012-03-27 02:00:00,2.3455114834734148
2012-03-27 03:00:00,1.6752169125448582
2012-03-27 04:00:00,1.952495615836038
2012-03-27 05:00:00,19.279501706582057
2012-03-27 06:00:00,107.34655679075223
2012-03-27 07:00:00,323.01706315508005
2012-03-27 08:00:00,596.9528366676063
2012-03-27 09:00:00,306.89645249840356
2012-03-27 10:00:00,129.2953942996564
2012-03-27 11:00:00,150.34985572490356
2012-03-27 12:00:00,196.94142896844028
2012-03-27 13:00:00,227.7481594497169
2012-03-27 14:00:00,210.23451960489595
2012-03-27 15:00:00,261.10567224478956
2012-03-27 16:00:00,360.04033254783633
2012-03-27 17:00:00,676.0474195279364
2012-03-27 18:00:00,654.0185451342211
2012-03-27 19:00:00,484.1096775449292
2012-03-27 20:00:00,333.1708231701463
2012-03-27 21:00:00,179.214325302847
2012-03-27 22:00:00,134.60308883016913
2012-03-27 23:00:00,73.77420177174375
2012-03-28 00:00:00,28.01410638050435
2012-03-28 01:00:00,9.352480767080092
2012-03-28 02:00:00,4.567321272823857
2012-03-28 03:00:00,3.219816899129305
2012-03-28 04:00:00,3.767546959001357
2012-03-28 05:00:00,27.09771379870914
2012-03-28 06:00:00,117.73625207680274
2012-03-28 07:00:00,330.7075181802799
2012-03-28 08:00:00,588.7198305549936
2012-03-28 09:00:00,283.0247510057093
2012-03-28 10:00:00,194.78283839180492
2012-03-28 11:00:00,212.39575775469095
2012-03-28 12:00:00,249.25352333997282
2012-03-28 13:00:00,265.62918172463594
2012-03-28 14:00:00,258.4289504105681
2012-03-28 15:00:00,266.422491162005
2012-03-28 16:00:00,334.2194820914171
2012-03-28 17:00:00,696.4296908933401
2012-03-28 18:00:00,684.4302338041953
2012-03-28 19:00:00,568.1717628510652
2012-03-28 20:00:00,435.59732008580556
2012-03-28 21:00:00,295.7291077053567
2012-03-28 22:00:00,207.69777496906562
2012-03-28 23:00:00,118.36905933511576
2012-03-29 00:00:00,51.549861406770624
2012-03-29 01:00:00,23.284744919658724
2012-03-29 02:00:00,9.414425381477356
2012-03-29 03:00:00,5.3786927794766255
2012-03-29 04:00:00,6.006739048597612
2012-03-29 05:00:00,35.24388067267159
2012-03-29 06:00:00,146.2635111536545
2012-03-29 07:00:00,392.9491061278685
2012-03-29 08:00:00,636.5988511605228
2012-03-29 09:00:00,310.48999400066396
2012-03-29 10:00:00,197.030079712153
2012-03-29 11:00:00,233.21908521933702
2012-03-29 12:00:00,263.6782156890744
2012-03-29 13:00:00,254.94476828435202
2012-03-29 14:00:00,240.42483305051414
2012-03-29 15:00:00,276.52594795465933
2012-03-29 16:00:00,404.57054374635334
2012-03-29 17:00:00,658.3819836383424
2012-03-29 18:00:00,602.9873513996084
2012-03-29 19:00:00,455.559947167782
2012-03-29 20:00:00,306.64390206805217
2012-03-29 21:00:00,206.35571669749208
2012-03-29 22:00:00,162.3281583930963
2012-03-29 23:00:00,106.63018020875131
2012-03-30 00:00:00,63.341157286383236
2012-03-30 01:00:00,23.84284299995454
2012-03-30 02:00:00,11.900382882580436
2012-03-30 03:00:00,5.490857987017575
2012-03-30 04:00:00,4.903005722782316
2012-03-30 05:00:00,25.43893529968899
2012-03-30 06:00:00,110.07120227267207
2012-03-30 07:00:00,302.56504381286874
2012-03-30 08:00:00,569.5874168424098
2012-03-30 09:00:00,279.41889060051113
2012-03-30 10:00:00,185.31608701832891
2012-03-30 11:00:00,217.05048360164025
2012-03-30 12:00:00,260.65383211036254
2012-03-30 13:00:00,169.0620784077125
2012-03-30 14:00:00,142.38893260749063
2012-03-30 15:00:00,151.52734416154422
2012-03-30 16:00:00,164.11692580363422
2012-03-30 17:00:00,520.5991033632613
2012-03-30 18:00:00,539.3131678343609
2012-03-30 19:00:00,359.7857609211645
2012-03-30 20:00:00,264.4978414496314
2012-03-30 21:00:00,193.76491594757638
2012-03-30 22:00:00,156.01292608780963
2012-03-30 23:00:00,118.1749124094953
2012-03-31 00:00:00,110.64847747859423
2012-03-31 01:00:00,74.57507772322106
2012-03-31 02:00:00,48.605801545580135
2012-03-31 03:00:00,25.327052832314834
2012-03-31 04:00:00,10.39048261895321
2012-03-31 05:00:00,9.49906812751163
2012-03-31 06:00:00,21.889423907306618
2012-03-31 07:00:00,63.75941302708944
2012-03-31 08:00:00,119.22060350857797
2012-03-31 09:00:00,189.59779686232773
2012-03-31 10:00:00,242.71059897569157
2012-03-31 11:00:00,425.5567714462068
2012-03-31 12:00:00,490.73412283974477
2012-03-31 13:00:00,568.642383527364
2012-03-31 14:00:00,437.2608051869043
2012-03-31 15:00:00,444.1010221311616
2012-03-31 16:00:00,434.07493563621966
2012-03-31 17:00:00,394.37980472413676
2012-03-31 18:00:00,276.7073519640132
2012-03-31 19:00:00,305.50430497987
2012-03-31 20:00:00,198.27508799494902
2012-03-31 21:00:00,151.2464969934191
2012-03-31 22:00:00,129.10948165346844
2012-03-31 23:00:00,84.78232871595121
2012-04-20 00:00:00,85.53048684555696
2012-04-20 01:00:00,36.037047664452956
2012-04-20 02:00:00,14.516286176124355
2012-04-20 03:00:00,7.369063154967469
2012-04-20 04:00:00,5.841661782712938
2012-04-20 05:00:00,34.44932382882316
2012-04-20 06:00:00,149.85836204499688
2012-04-20 07:00:00,360.73640393202015
2012-04-20 08:00:00,615.625594216802
2012-04-20 09:00:00,345.62590566954077
2012-04-20 10:00:00,224.60113999571539
2012-04-20 11:00:00,288.7649977299456
2012-04-20 12:00:00,359.193461307082
2012-04-20 13:00:00,375.9261021285095
2012-04-20 14:00:00,343.37823402172387
2012-04-20 15:00:00,360.1615116140976
2012-04-20 16:00:00,514.5222665462132
2012-04-20 17:00:00,684.1921427240236
2012-04-20 18:00:00,644.9261026095548
2012-04-20 19:00:00,500.62641845108215
2012-04-20 20:00:00,357.92598394660735
2012-04-20 21:00:00,269.5575460619156
2012-04-20 22:00:00,203.60651674744415
2012-04-20 23:00:00,190.52368176752495
2012-04-21 00:00:00,163.318489693144
2012-04-21 01:00:00,117.05114328033528
2012-04-21 02:00:00,83.24865384776645
2012-04-21 03:00:00,26.687510907563826
2012-04-21 04:00:00,10.27138528956064
2012-04-21 05:00:00,13.355701427418323
2012-04-21 06:00:00,34.20638639127315
2012-04-21 07:00:00,86.4625092042679
2012-04-21 08:00:00,198.2372223502168
2012-04-21 09:00:00,290.0196968867769
2012-04-21 10:00:00,439.9087750698076
2012-04-21 11:00:00,499.99230463535395
2012-04-21 12:00:00,637.7362666208905
2012-04-21 13:00:00,655.8919788402707
2012-04-21 14:00:00,647.4967678601926
2012-04-21 15:00:00,662.9829986793881
2012-04-21 16:00:00,648.6565289840973
2012-04-21 17:00:00,594.0146882934323
2012-04-21 18:00:00,488.86427634944084
2012-04-21 19:00:00,227.04490197402433
2012-04-21 20:00:00,76.83077671726767
2012-04-21 21:00:00,78.13985945533796
2012-04-21 22:00:00,135.47759521481822
2012-04-21 23:00:00,96.48737019246018
2012-04-22 00:00:00,116.22455569101388
2012-04-22 01:00:00,80.1793307705262
2012-04-22 02:00:00,67.07209822598236
2012-04-22 03:00:00,32.32320129516499
2012-04-22 04:00:00,12.539988638494522
2012-04-22 05:00:00,9.631896393004917
2012-04-22 06:00:00,17.335260902612532
2012-04-22 07:00:00,26.429558749470782
2012-04-22 08:00:00,52.13739695346667
2012-04-22 09:00:00,90.20634446558219
2012-04-22 10:00:00,113.66721814340791
2012-04-22 11:00:00,107.13629176536827
2012-04-22 12:00:00,115.16052333248095
2012-04-22 13:00:00,135.14539555386185
2012-04-22 14:00:00,117.10070738027015
2012-04-22 15:00:00,117.3619898132172
2012-04-22 16:00:00,108.50608667138107
2012-04-22 17:00:00,98.86098399168921
2012-04-22 18:00:00,80.30104257858957
2012-04-22 19:00:00,61.274654069108294
2012-04-22 20:00:00,51.0149779708343
2012-04-22 21:00:00,44.79087389641043
2012-04-22 22:00:00,30.73889615035694
2012-04-22 23:00:00,32.40325037526664
2012-04-23 00:00:00,18.38364998130446
2012-04-23 01:00:00,4.84942328994259
2012-04-23 02:00:00,2.424916377644167
2012-04-23 03:00:00,2.1585945870845187
2012-04-23 04:00:00,1.9449944558942867
2012-04-23 05:00:00,13.37634120682573
2012-04-23 06:00:00,90.45123541882062
2012-04-23 07:00:00,133.06464208882537
2012-04-23 08:00:00,435.83478230480677
2012-04-23 09:00:00,193.13451025228736
2012-04-23 10:00:00,126.12930622640519
2012-04-23 11:00:00,131.30021800875036
2012-04-23 12:00:00,86.9988102246418
2012-04-23 13:00:00,93.73445287969989
2012-04-23 14:00:00,98.12955815146121
2012-04-23 15:00:00,178.25061028078915
2012-04-23 16:00:00,66.39241204235728
2012-04-23 17:00:00,165.79439236535956
2012-04-23 18:00:00,209.88924844400788
2012-04-23 19:00:00,276.7431905538351
2012-04-23 20:00:00,184.7259294864759
2012-04-23 21:00:00,106.97083965426188
2012-04-23 22:00:00,108.77367344620231
2012-04-23 23:00:00,58.23258819065219
2012-04-24 00:00:00,20.934949183676327
2012-04-24 01:00:00,8.340287485108608
2012-04-24 02:00:00,3.7960807018145974
2012-04-24 03:00:00,2.3626693136981305
2012-04-24 04:00:00,2.9305136991944036
2012-04-24 05:00:00,25.047367803864972
2012-04-24 06:00:00,105.47801178266597
2012-04-24 07:00:00,301.51365532691347
2012-04-24 08:00:00,553.9153602734356
2012-04-24 09:00:00,266.86066401833773
2012-04-24 10:00:00,169.34672895295265
2012-04-24 11:00:00,204.26628795622
2012-04-24 12:00:00,242.25305786502156
2012-04-24 13:00:00,241.96705752944408
2012-04-24 14:00:00,219.8220829287678
2012-04-24 15:00:00,240.64278694104152
2012-04-24 16:00:00,381.2660507786959
2012-04-24 17:00:00,667.9112489474561
2012-04-24 18:00:00,675.1398672827859
2012-04-24 19:00:00,503.75441742548617
2012-04-24 20:00:00,306.792527390813
2012-04-24 21:00:00,210.95000031535756
2012-04-24 22:00:00,142.4447392435539
2012-04-24 23:00:00,86.05380731456108
2012-04-25 00:00:00,39.205912780567814
2012-04-25 01:00:00,12.332245737729739
2012-04-25 02:00:00,5.6133502619857
2012-04-25 03:00:00,2.765646016755697
2012-04-25 04:00:00,3.1276067653808655
2012-04-25 05:00:00,27.102374985059978
2012-04-25 06:00:00,109.95276146460556
2012-04-25 07:00:00,327.203019995512
2012-04-25 08:00:00,572.0158854905005
2012-04-25 09:00:00,309.1087537308265
2012-04-25 10:00:00,204.69965559183638
2012-04-25 11:00:00,219.91847710622838
2012-04-25 12:00:00,258.810527093564
2012-04-25 13:00:00,265.3329088628234
2012-04-25 14:00:00,242.1910069576624
2012-04-25 15:00:00,279.23818042491166
2012-04-25 16:00:00,386.7543721615698
2012-04-25 17:00:00,677.9577074007707
2012-04-25 18:00:00,665.9476909236863
2012-04-25 19:00:00,541.0277202087387
2012-04-25 20:00:00,393.76056908205425
2012-04-25 21:00:00,266.77871333666604
2012-04-25 22:00:00,172.74984814354542
2012-04-25 23:00:00,98.60601401805086
2012-04-26 00:00:00,44.32228138026048
2012-04-26 01:00:00,19.740232661646004
2012-04-26 02:00:00,9.876101394833032
2012-04-26 03:00:00,5.6762553853138815
2012-04-26 04:00:00,5.619344126325054
2012-04-26 05:00:00,31.32931314537712
2012-04-26 06:00:00,141.9277309691989
2012-04-26 07:00:00,153.89990080189992
2012-04-26 08:00:00,300.0206827469204
2012-04-26 09:00:00,157.5082485125255
2012-04-26 10:00:00,182.32830078662622
2012-04-26 11:00:00,153.79443206870235
2012-04-26 12:00:00,224.0637586818732
2012-04-26 13:00:00,221.06645987726876
2012-04-26 14:00:00,219.24307898085743
2012-04-26 15:00:00,206.60573971840273
2012-04-26 16:00:00,273.2784984121674
2012-04-26 17:00:00,603.1098577206784
2012-04-26 18:00:00,564.057945624642
2012-04-26 19:00:00,411.6132200170202
2012-04-26 20:00:00,334.42885911520176
2012-04-26 21:00:00,241.61670475547655
2012-04-26 22:00:00,213.3223474842051
2012-04-26 23:00:00,132.1926458510469
2012-04-27 00:00:00,98.93417227517033
2012-04-27 01:00:00,34.00344838838764
2012-04-27 02:00:00,16.905200074422268
2012-04-27 03:00:00,6.146745708961709
2012-04-27 04:00:00,5.683166604170234
2012-04-27 05:00:00,32.62724394320321
2012-04-27 06:00:00,136.6499790863533
2012-04-27 07:00:00,320.0259180705485
2012-04-27 08:00:00,581.1493463596124
2012-04-27 09:00:00,335.4420008167868
2012-04-27 10:00:00,229.46022741516313
2012-04-27 11:00:00,261.51210032447756
2012-04-27 12:00:00,319.4131415368383
2012-04-27 13:00:00,317.83624155661295
2012-04-27 14:00:00,284.72915445118093
2012-04-27 15:00:00,338.9387455840272
2012-04-27 16:00:00,468.5881890691762
2012-04-27 17:00:00,659.480942683611
2012-04-27 18:00:00,597.7184217171242
2012-04-27 19:00:00,390.6683428771683
2012-04-27 20:00:00,263.54251115407607
2012-04-27 21:00:00,174.93810323107968
2012-04-27 22:00:00,156.99384589228535
2012-04-27 23:00:00,118.34123193467144
2012-04-28 00:00:00,110.77106501961191
2012-04-28 01:00:00,71.72813886514156
2012-04-28 02:00:00,57.46817414338217
2012-04-28 03:00:00,21.62295172349791
2012-04-28 04:00:00,8.570154784069581
2012-04-28 05:00:00,8.799523013019334
2012-04-28 06:00:00,23.628066737985865
2012-04-28 07:00:00,74.52914465907527
2012-04-28 08:00:00,183.37703163041186
2012-04-28 09:00:00,244.69201368936885
2012-04-28 10:00:00,310.8396869301399
2012-04-28 11:00:00,351.49425477615966
2012-04-28 12:00:00,410.36773643579795
2012-04-28 13:00:00,405.7193610660442
2012-04-28 14:00:00,460.7241694086161
2012-04-28 15:00:00,436.53355706667264
2012-04-28 16:00:00,416.4199112734724
2012-04-28 17:00:00,382.186560383839
2012-04-28 18:00:00,190.11609724467155
2012-04-28 19:00:00,152.7001396609431
2012-04-28 20:00:00,198.71177383101298
2012-04-28 21:00:00,93.54223601053886
2012-04-28 22:00:00,127.59053447120814
2012-04-28 23:00:00,100.11332745866149
2012-04-29 00:00:00,84.98812111479432
2012-04-29 01:00:00,85.63878330994388
2012-04-29 02:00:00,54.44159584705365
2012-04-29 03:00:00,26.849510519464605
2012-04-29 04:00:00,12.28503334740884
2012-04-29 05:00:00,8.325535464788398
2012-04-29 06:00:00,13.869140773108665
2012-04-29 07:00:00,37.288701078693926
2012-04-29 08:00:00,90.35267669131032
2012-04-29 09:00:00,232.50328221659333
2012-04-29 10:00:00,315.76603385747785
2012-04-29 11:00:00,407.49289221475857
2012-04-29 12:00:00,499.7438872906719
2012-04-29 13:00:00,494.94682657962227
2012-04-29 14:00:00,518.4335041476756
2012-04-29 15:00:00,516.9317817160772
2012-04-29 16:00:00,536.5495927093368
2012-04-29 17:00:00,490.5069657516691
2012-04-29 18:00:00,417.17722359823733
2012-04-29 19:00:00,339.31583150253675
2012-04-29 20:00:00,230.31705045420532
2012-04-29 21:00:00,176.01660896692016
2012-04-29 22:00:00,116.67488050781691
2012-04-29 23:00:00,77.0724657031475
2012-04-30 00:00:00,41.340706246767006
2012-04-30 01:00:00,14.055428473987135
2012-04-30 02:00:00,7.247583196666067
2012-04-30 03:00:00,4.245070289505432
2012-04-30 04:00:00,4.093501512726931
2012-04-30 05:00:00,27.955878554089473
2012-04-30 06:00:00,122.65166732684858
2012-04-30 07:00:00,351.60482418729697
2012-04-30 08:00:00,591.3702431705892
2012-04-30 09:00:00,276.96993211727397
2012-04-30 10:00:00,186.1406004761941
2012-04-30 11:00:00,196.71500177838874
2012-04-30 12:00:00,224.5616499560799
2012-04-30 13:00:00,233.13306544678787
2012-04-30 14:00:00,214.86345802931876
2012-04-30 15:00:00,240.54420407457698
2012-04-30 16:00:00,397.33345796750945
2012-04-30 17:00:00,692.1415794855466
2012-04-30 18:00:00,664.6663417157528
2012-04-30 19:00:00,485.9205570147519
2012-04-30 20:00:00,316.64018729477084
2012-04-30 21:00:00,220.129025768536
2012-04-30 22:00:00,149.72870102356447
2012-04-30 23:00:00,75.23834606906169
2012-05-20 00:00:00,151.96909601235498
2012-05-20 01:00:00,108.61353912951236
2012-05-20 02:00:00,73.1994952533624
2012-05-20 03:00:00,35.777251511238866
2012-05-20 04:00:00,13.127146730247922
2012-05-20 05:00:00,13.401723138431848
2012-05-20 06:00:00,23.015027798292977
2012-05-20 07:00:00,66.86079213912527
2012-05-20 08:00:00,142.75716261694146
2012-05-20 09:00:00,268.99026949762975
2012-05-20 10:00:00,452.59514775614326
2012-05-20 11:00:00,555.0609959216254
2012-05-20 12:00:00,681.5631833217786
2012-05-20 13:00:00,680.4767037931271
2012-05-20 14:00:00,638.2622070684894
2012-05-20 15:00:00,602.397789301799
2012-05-20 16:00:00,585.8370939946217
2012-05-20 17:00:00,529.8581990297955
2012-05-20 18:00:00,446.9113596226436
2012-05-20 19:00:00,386.4161935723744
2012-05-20 20:00:00,294.25871395250886
2012-05-20 21:00:00,213.69840014017268
2012-05-20 22:00:00,142.51529932531952
2012-05-20 23:00:00,71.55332484155798
2012-05-21 00:00:00,18.146299615609603
2012-05-21 01:00:00,8.161482100626966
2012-05-21 02:00:00,3.8061371148382657
2012-05-21 03:00:00,3.393278627126982
2012-05-21 04:00:00,2.9210829159566276
2012-05-21 05:00:00,16.536524901029342
2012-05-21 06:00:00,60.97729461443221
2012-05-21 07:00:00,153.1425367768149
2012-05-21 08:00:00,277.86182071605793
2012-05-21 09:00:00,133.6396182864265
2012-05-21 10:00:00,70.11726569892281
2012-05-21 11:00:00,171.333477704047
2012-05-21 12:00:00,188.89958254020664
2012-05-21 13:00:00,90.61708134169687
2012-05-21 14:00:00,90.34115176128542
2012-05-21 15:00:00,245.10719392462158
2012-05-21 16:00:00,345.2245945994055
2012-05-21 17:00:00,645.9769670134681
2012-05-21 18:00:00,670.9160048053584
2012-05-21 19:00:00,531.4420941139904
2012-05-21 20:00:00,390.67839185100365
2012-05-21 21:00:00,280.9045951162383
2012-05-21 22:00:00,158.5718054986024
2012-05-21 23:00:00,85.80436027499597
2012-05-22 00:00:00,36.29548361165133
2012-05-22 01:00:00,13.990774196358375
2012-05-22 02:00:00,6.475337984663453
2012-05-22 03:00:00,4.500406554582035
2012-05-22 04:00:00,5.408578915183904
2012-05-22 05:00:00,21.564263643866685
2012-05-22 06:00:00,78.87762558899294
2012-05-22 07:00:00,189.8313625212004
2012-05-22 08:00:00,614.7827801531575
2012-05-22 09:00:00,293.0454757146963
2012-05-22 10:00:00,173.38432872212582
2012-05-22 11:00:00,184.0689324737165
2012-05-22 12:00:00,211.0869569210707
2012-05-22 13:00:00,236.67290718253787
2012-05-22 14:00:00,219.72023426242794
2012-05-22 15:00:00,266.0822786628074
2012-05-22 16:00:00,408.80434649217347
2012-05-22 17:00:00,686.1292462909718
2012-05-22 18:00:00,682.4692572234084
2012-05-22 19:00:00,548.6830348667207
2012-05-22 20:00:00,391.5966008966355
2012-05-22 21:00:00,267.9278079000277
2012-05-22 22:00:00,193.87974426728445
2012-05-22 23:00:00,117.62270689179337
2012-05-23 00:00:00,47.936091985635166
2012-05-23 01:00:00,19.18086574438741
2012-05-23 02:00:00,7.466291182016695
2012-05-23 03:00:00,6.411298429377215
2012-05-23 04:00:00,4.559062362692951
2012-05-23 05:00:00,19.919406932950793
2012-05-23 06:00:00,166.12202258770992
2012-05-23 07:00:00,453.2952013643976
2012-05-23 08:00:00,711.2220037165845
2012-05-23 09:00:00,312.6721172084422
2012-05-23 10:00:00,189.64513650265005
2012-05-23 11:00:00,232.62390135543944
2012-05-23 12:00:00,265.2219159202235
2012-05-23 13:00:00,257.56724242151057
2012-05-23 14:00:00,249.36935019003448
2012-05-23 15:00:00,272.7711340045447
2012-05-23 16:00:00,295.1282694693595
2012-05-23 17:00:00,435.1662970056891
2012-05-23 18:00:00,405.9194373804269
2012-05-23 19:00:00,380.84296676691895
2012-05-23 20:00:00,260.8594724928968
2012-05-23 21:00:00,211.05085212841865
2012-05-23 22:00:00,173.86670402063433
2012-05-23 23:00:00,115.8543364406789
2012-05-24 00:00:00,52.47718599179575
2012-05-24 01:00:00,19.669501005948856
2012-05-24 02:00:00,9.16151630817461
2012-05-24 03:00:00,5.48549775681455
2012-05-24 04:00:00,5.7522320018562345
2012-05-24 05:00:00,31.74542966076679
2012-05-24 06:00:00,149.80249830774304
2012-05-24 07:00:00,451.69458713722486
2012-05-24 08:00:00,731.4833261320786
2012-05-24 09:00:00,344.2930154820191
2012-05-24 10:00:00,222.75148409182577
2012-05-24 11:00:00,241.755795578634
2012-05-24 12:00:00,296.70578888899104
2012-05-24 13:00:00,287.9720891957038
2012-05-24 14:00:00,252.10096068269425
2012-05-24 15:00:00,273.64646441850476
2012-05-24 16:00:00,408.2041128309709
2012-05-24 17:00:00,667.2587580764559
2012-05-24 18:00:00,674.429987073131
2012-05-24 19:00:00,548.2528047385513
2012-05-24 20:00:00,362.7738074221201
2012-05-24 21:00:00,136.35631303393708
2012-05-24 22:00:00,184.01759079750553
2012-05-24 23:00:00,127.18194249232562
2012-05-25 00:00:00,86.23565329254475
2012-05-25 01:00:00,33.71775280619774
2012-05-25 02:00:00,12.781898841390438
2012-05-25 03:00:00,6.790636461484708
2012-05-25 04:00:00,6.016497613131406
2012-05-25 05:00:00,30.653056194112306
2012-05-25 06:00:00,148.27901761356168
2012-05-25 07:00:00,360.92461043889233
2012-05-25 08:00:00,577.3978298885279
2012-05-25 09:00:00,325.4862738270946
2012-05-25 10:00:00,235.49791393821448
2012-05-25 11:00:00,254.46055487793413
2012-05-25 12:00:00,345.6074644430912
2012-05-25 13:00:00,342.6768644752383
2012-05-25 14:00:00,311.10010721715406
2012-05-25 15:00:00,334.4387511612217
2012-05-25 16:00:00,468.9791469971411
2012-05-25 17:00:00,638.8865663116544
2012-05-25 18:00:00,622.7616309664534
2012-05-25 19:00:00,483.5640613116895
2012-05-25 20:00:00,391.20874337446
2012-05-25 21:00:00,310.4847586410761
2012-05-25 22:00:00,259.75659923801345
2012-05-25 23:00:00,209.2525288550499
2012-05-26 00:00:00,156.73592185326828
2012-05-26 01:00:00,115.67718746239746
2012-05-26 02:00:00,74.30007272526231
2012-05-26 03:00:00,31.308449896079452
2012-05-26 04:00:00,12.153657554328598
2012-05-26 05:00:00,14.718523209982608
2012-05-26 06:00:00,33.037816142869104
2012-05-26 07:00:00,79.92543702476836
2012-05-26 08:00:00,204.3048831629189
2012-05-26 09:00:00,245.12998161461314
2012-05-26 10:00:00,364.8136285671668
2012-05-26 11:00:00,471.7509411071764
2012-05-26 12:00:00,582.4653071022882
2012-05-26 13:00:00,575.9559656920839
2012-05-26 14:00:00,542.3138020708069
2012-05-26 15:00:00,536.095014297098
2012-05-26 16:00:00,547.3829508872619
2012-05-26 17:00:00,501.49336595578427
2012-05-26 18:00:00,459.3913630296195
2012-05-26 19:00:00,414.4748501146729
2012-05-26 20:00:00,339.3881642279856
2012-05-26 21:00:00,268.5899390096565
2012-05-26 22:00:00,241.91749023734562
2012-05-26 23:00:00,189.39459996643882
2012-05-27 00:00:00,157.9532046528682
2012-05-27 01:00:00,118.17764754609365
2012-05-27 02:00:00,77.08533194132653
2012-05-27 03:00:00,37.00371476355625
2012-05-27 04:00:00,11.25670788900485
2012-05-27 05:00:00,11.851933692406469
2012-05-27 06:00:00,22.288115188366
2012-05-27 07:00:00,52.854281252692886
2012-05-27 08:00:00,111.56776084340139
2012-05-27 09:00:00,224.27840568083016
2012-05-27 10:00:00,400.98164650162516
2012-05-27 11:00:00,452.88010932120665
2012-05-27 12:00:00,545.3034666273553
2012-05-27 13:00:00,560.3925151092533
2012-05-27 14:00:00,517.8701810658052
2012-05-27 15:00:00,529.3212852835993
2012-05-27 16:00:00,513.0419110011931
2012-05-27 17:00:00,463.96402811238215
2012-05-27 18:00:00,415.20895803464583
2012-05-27 19:00:00,367.29619870350604
2012-05-27 20:00:00,288.09553618148436
2012-05-27 21:00:00,150.00699661662262
2012-05-27 22:00:00,79.85903410350294
2012-05-27 23:00:00,55.76823609710458
2012-05-28 00:00:00,83.45379218730783
2012-05-28 01:00:00,40.735721011172785
2012-05-28 02:00:00,31.18719709808814
2012-05-28 03:00:00,9.004969957944708
2012-05-28 04:00:00,11.971563751725768
2012-05-28 05:00:00,27.7408495826858
2012-05-28 06:00:00,47.92660374662341
2012-05-28 07:00:00,144.74366527602695
2012-05-28 08:00:00,221.95165488109336
2012-05-28 09:00:00,231.37652512269426
2012-05-28 10:00:00,271.5259006128996
2012-05-28 11:00:00,331.7865175540305
2012-05-28 12:00:00,436.22866912638574
2012-05-28 13:00:00,387.3033024228934
2012-05-28 14:00:00,384.83100434262644
2012-05-28 15:00:00,391.55565953344063
2012-05-28 16:00:00,446.01883528780934
2012-05-28 17:00:00,552.5909910676271
2012-05-28 18:00:00,536.583188502674
2012-05-28 19:00:00,501.17908391829957
2012-05-28 20:00:00,415.5609128110237
2012-05-28 21:00:00,292.1600462208392
2012-05-28 22:00:00,207.6771204227488
2012-05-28 23:00:00,111.46598563788993
2012-05-29 00:00:00,40.48167363426245
2012-05-29 01:00:00,16.825535673698596
2012-05-29 02:00:00,8.123271667066545
2012-05-29 03:00:00,4.682118972042192
2012-05-29 04:00:00,6.393461641939266
2012-05-29 05:00:00,37.58596893254328
2012-05-29 06:00:00,165.76611181988596
2012-05-29 07:00:00,429.22721179528304
2012-05-29 08:00:00,689.438368138087
2012-05-29 09:00:00,317.3649490772137
2012-05-29 10:00:00,182.4111618442791
2012-05-29 11:00:00,206.83555709913523
2012-05-29 12:00:00,255.31273747891794
2012-05-29 13:00:00,255.68114389274365
2012-05-29 14:00:00,242.66947647595785
2012-05-29 15:00:00,251.32374768983362
2012-05-29 16:00:00,391.7622693168951
2012-05-29 17:00:00,711.4241219509084
2012-05-29 18:00:00,673.1577416608881
2012-05-29 19:00:00,546.8798525795722
2012-05-29 20:00:00,297.6182209963147
2012-05-29 21:00:00,80.84504211571692
2012-05-29 22:00:00,129.57074500443977
2012-05-29 23:00:00,57.60153905690404
2012-05-30 00:00:00,33.18655887258722
2012-05-30 01:00:00,13.39408256007654
2012-05-30 02:00:00,7.042919150280396
2012-05-30 03:00:00,4.404891165690168
2012-05-30 04:00:00,5.429697736929896
2012-05-30 05:00:00,34.692641899253836
2012-05-30 06:00:00,162.04819963752445
2012-05-30 07:00:00,245.4305860229043
2012-05-30 08:00:00,716.4823863182236
2012-05-30 09:00:00,327.6451757913839
2012-05-30 10:00:00,194.59394397210264
2012-05-30 11:00:00,218.01155958283013
2012-05-30 12:00:00,285.04828571471194
2012-05-30 13:00:00,277.2047562826674
2012-05-30 14:00:00,260.5322546830058
2012-05-30 15:00:00,263.8239024112901
2012-05-30 16:00:00,405.05979222972127
2012-05-30 17:00:00,694.7399155504884
2012-05-30 18:00:00,679.1450630482963
2012-05-30 19:00:00,562.0246213204459
2012-05-30 20:00:00,348.6616414138524
2012-05-30 21:00:00,334.28730427705966
2012-05-30 22:00:00,233.10239353913235
2012-05-30 23:00:00,148.4161367213946
2012-05-31 00:00:00,53.24976038388203
2012-05-31 01:00:00,23.13893731319055
2012-05-31 02:00:00,10.760711118886295
2012-05-31 03:00:00,6.4750697130892405
2012-05-31 04:00:00,6.383938046794518
2012-05-31 05:00:00,34.734006700887434
2012-05-31 06:00:00,168.09743955865608
2012-05-31 07:00:00,461.5287356833018
2012-05-31 08:00:00,734.7330345512377
2012-05-31 09:00:00,347.7125986896156
2012-05-31 10:00:00,233.77420313864334
2012-05-31 11:00:00,260.4158066485031
2012-05-31 12:00:00,317.04743460033615
2012-05-31 13:00:00,310.67700340804396
2012-05-31 14:00:00,271.65473929271667
2012-05-31 15:00:00,293.21579605193995
2012-05-31 16:00:00,437.5090923051828
2012-05-31 17:00:00,705.1733885953491
2012-05-31 18:00:00,726.7909303850514
2012-05-31 19:00:00,588.8006821214127
2012-05-31 20:00:00,440.9568872940464
2012-05-31 21:00:00,343.27051627380604
2012-05-31 22:00:00,252.10649968636142
2012-05-31 23:00:00,183.824149649699
2012-06-20 00:00:00,48.526181480691584
2012-06-20 01:00:00,23.300004899317862
2012-06-20 02:00:00,8.891997978728323
2012-06-20 03:00:00,6.174316397815272
2012-06-20 04:00:00,6.348203806798886
2012-06-20 05:00:00,37.08165931938288
2012-06-20 06:00:00,144.87471870094006
2012-06-20 07:00:00,402.7927867752002
2012-06-20 08:00:00,670.0470909326611
2012-06-20 09:00:00,338.75499390426614
2012-06-20 10:00:00,190.81392971048103
2012-06-20 11:00:00,196.86990157412887
2012-06-20 12:00:00,240.7256104603665
2012-06-20 13:00:00,238.04004676212236
2012-06-20 14:00:00,213.96859062018117
2012-06-20 15:00:00,239.45129140727138
2012-06-20 16:00:00,363.48613417221287
2012-06-20 17:00:00,645.2266458558543
2012-06-20 18:00:00,630.9537228966208
2012-06-20 19:00:00,534.7990604493036
2012-06-20 20:00:00,410.89465569082955
2012-06-20 21:00:00,325.73386258250775
2012-06-20 22:00:00,230.42699399222298
2012-06-20 23:00:00,144.89258734979703
2012-06-21 00:00:00,58.44875342312863
2012-06-21 01:00:00,22.90724397760574
2012-06-21 02:00:00,9.836734502942502
2012-06-21 03:00:00,7.246267150490574
2012-06-21 04:00:00,7.455449384514761
2012-06-21 05:00:00,35.34876862257834
2012-06-21 06:00:00,167.95804115231803
2012-06-21 07:00:00,431.5210296149616
2012-06-21 08:00:00,692.7470987632638
2012-06-21 09:00:00,305.19222719201696
2012-06-21 10:00:00,186.8804714175174
2012-06-21 11:00:00,211.18357129855139
2012-06-21 12:00:00,266.80717684071186
2012-06-21 13:00:00,251.99945476348657
2012-06-21 14:00:00,236.41718382299345
2012-06-21 15:00:00,225.87031686267787
2012-06-21 16:00:00,375.6293638818514
2012-06-21 17:00:00,630.2084011633248
2012-06-21 18:00:00,620.4553069204283
2012-06-21 19:00:00,528.6949789095617
2012-06-21 20:00:00,400.7492277655329
2012-06-21 21:00:00,320.17656053061467
2012-06-21 22:00:00,243.2694449709859
2012-06-21 23:00:00,174.68115197820273
2012-06-22 00:00:00,84.74765077880018
2012-06-22 01:00:00,35.54826113726127
2012-06-22 02:00:00,14.51857957687018
2012-06-22 03:00:00,8.212342180566623
2012-06-22 04:00:00,7.248228898643827
2012-06-22 05:00:00,33.4600070054927
2012-06-22 06:00:00,162.735806281131
2012-06-22 07:00:00,366.63265260650024
2012-06-22 08:00:00,561.8561762289318
2012-06-22 09:00:00,348.7591412415503
2012-06-22 10:00:00,227.10236644700615
2012-06-22 11:00:00,275.1370843070246
2012-06-22 12:00:00,325.8046245035066
2012-06-22 13:00:00,322.0395664489144
2012-06-22 14:00:00,295.5595026495302
2012-06-22 15:00:00,330.5794582844251
2012-06-22 16:00:00,418.0278408364276
2012-06-22 17:00:00,643.9141993025617
2012-06-22 18:00:00,595.4673435211621
2012-06-22 19:00:00,480.3317588952888
2012-06-22 20:00:00,370.42844529095
2012-06-22 21:00:00,229.57481888139912
2012-06-22 22:00:00,259.8423289024393
2012-06-22 23:00:00,197.18591976144873
2012-06-23 00:00:00,165.35607994568588
2012-06-23 01:00:00,130.26600158680554
2012-06-23 02:00:00,60.977705359944615
2012-06-23 03:00:00,28.398660322036175
2012-06-23 04:00:00,11.144327103177408
2012-06-23 05:00:00,12.482219066239644
2012-06-23 06:00:00,35.51237226419909
2012-06-23 07:00:00,89.6714141075183
2012-06-23 08:00:00,204.35427719518864
2012-06-23 09:00:00,312.9640352446505
2012-06-23 10:00:00,427.9743180618042
2012-06-23 11:00:00,517.3905346936147
2012-06-23 12:00:00,586.7262272245124
2012-06-23 13:00:00,582.2076165196265
2012-06-23 14:00:00,589.5639346209783
2012-06-23 15:00:00,532.9472573855147
2012-06-23 16:00:00,584.5862705700386
2012-06-23 17:00:00,550.6002440759332
2012-06-23 18:00:00,501.88288072955635
2012-06-23 19:00:00,422.7571995892041
2012-06-23 20:00:00,361.37362584774615
2012-06-23 21:00:00,310.2558003174653
2012-06-23 22:00:00,280.3569644446053
2012-06-23 23:00:00,236.1669863391176
2012-06-24 00:00:00,188.5113286372175
2012-06-24 01:00:00,136.97621091000798
2012-06-24 02:00:00,82.54335919242648
2012-06-24 03:00:00,35.06213598852463
2012-06-24 04:00:00,12.586116041817347
2012-06-24 05:00:00,12.286863528324155
2012-06-24 06:00:00,22.708607728810716
2012-06-24 07:00:00,63.40494623234294
2012-06-24 08:00:00,143.10231182158122
2012-06-24 09:00:00,276.82583570088156
2012-06-24 10:00:00,405.96303067329194
2012-06-24 11:00:00,493.7026409386489
2012-06-24 12:00:00,575.3528800312894
2012-06-24 13:00:00,573.0659258145042
2012-06-24 14:00:00,513.347671366661
2012-06-24 15:00:00,478.89533323913616
2012-06-24 16:00:00,470.89907719803836
2012-06-24 17:00:00,439.4007800013996
2012-06-24 18:00:00,423.6693292889782
2012-06-24 19:00:00,349.5049015684817
2012-06-24 20:00:00,280.0594170332068
2012-06-24 21:00:00,224.67770341454954
2012-06-24 22:00:00,183.56767083403028
2012-06-24 23:00:00,108.57274071493424
2012-06-25 00:00:00,47.45214041165134
2012-06-25 01:00:00,18.54480051428577
2012-06-25 02:00:00,9.570802382316074
2012-06-25 03:00:00,6.173979985211909
2012-06-25 04:00:00,8.093632952820956
2012-06-25 05:00:00,35.72399973647042
2012-06-25 06:00:00,168.6557475354569
2012-06-25 07:00:00,461.6929392846418
2012-06-25 08:00:00,668.8529388728099
2012-06-25 09:00:00,323.1747498750553
2012-06-25 10:00:00,187.55659280955396
2012-06-25 11:00:00,216.67190521026026
2012-06-25 12:00:00,278.14982273809227
2012-06-25 13:00:00,284.55600985921
2012-06-25 14:00:00,252.23162573224948
2012-06-25 15:00:00,267.7302023930935
2012-06-25 16:00:00,409.7176510362326
2012-06-25 17:00:00,668.5369917931484
2012-06-25 18:00:00,688.7139665348195
2012-06-25 19:00:00,532.4270134790473
2012-06-25 20:00:00,397.40523805078345
2012-06-25 21:00:00,294.27938361629646
2012-06-25 22:00:00,198.73128349483565
2012-06-25 23:00:00,105.87729729133014
2012-06-26 00:00:00,38.139900857270725
2012-06-26 01:00:00,15.773104197558624
2012-06-26 02:00:00,8.22966686172002
2012-06-26 03:00:00,5.985090562931243
2012-06-26 04:00:00,7.189430143944341
2012-06-26 05:00:00,39.254706459735175
2012-06-26 06:00:00,163.00371237751673
2012-06-26 07:00:00,463.16448174299234
2012-06-26 08:00:00,702.713107556301
2012-06-26 09:00:00,349.31084623963795
2012-06-26 10:00:00,212.6194531894656
2012-06-26 11:00:00,242.42376109072416
2012-06-26 12:00:00,296.1026609939265
2012-06-26 13:00:00,293.07605072535523
2012-06-26 14:00:00,272.303478090352
2012-06-26 15:00:00,287.3657014864939
2012-06-26 16:00:00,439.85248177958135
2012-06-26 17:00:00,759.4142784402086
2012-06-26 18:00:00,735.4297237152779
2012-06-26 19:00:00,595.6587372789547
2012-06-26 20:00:00,450.9752669311124
2012-06-26 21:00:00,353.3820862338315
2012-06-26 22:00:00,239.48457578507316
2012-06-26 23:00:00,135.98851769325282
2012-06-27 00:00:00,48.50852591244283
2012-06-27 01:00:00,19.669906467876547
2012-06-27 02:00:00,9.795013554927932
2012-06-27 03:00:00,6.826430060721709
2012-06-27 04:00:00,7.149165474344432
2012-06-27 05:00:00,38.41563141449564
2012-06-27 06:00:00,172.16778588676712
2012-06-27 07:00:00,476.47704457482695
2012-06-27 08:00:00,725.0792592910108
2012-06-27 09:00:00,357.2110515147433
2012-06-27 10:00:00,227.83349597543827
2012-06-27 11:00:00,245.4567065635878
2012-06-27 12:00:00,295.2817870590093
2012-06-27 13:00:00,272.6508173772436
2012-06-27 14:00:00,270.9621512116992
2012-06-27 15:00:00,276.57642340690774
2012-06-27 16:00:00,422.23327267351925
2012-06-27 17:00:00,709.0719427830937
2012-06-27 18:00:00,682.5787472672357
2012-06-27 19:00:00,555.5016321442021
2012-06-27 20:00:00,451.01026110031376
2012-06-27 21:00:00,363.3021715358969
2012-06-27 22:00:00,257.2233452088574
2012-06-27 23:00:00,156.24887119886526
2012-06-28 00:00:00,64.11073292482111
2012-06-28 01:00:00,26.28175339965142
2012-06-28 02:00:00,13.34883800217931
2012-06-28 03:00:00,8.026530297352679
2012-06-28 04:00:00,7.987548250979092
2012-06-28 05:00:00,37.024796986109244
2012-06-28 06:00:00,174.2259524208728
2012-06-28 07:00:00,458.5987709367508
2012-06-28 08:00:00,722.1619990384878
2012-06-28 09:00:00,357.35595725624586
2012-06-28 10:00:00,217.15181725145285
2012-06-28 11:00:00,232.5979352146004
2012-06-28 12:00:00,297.3973326512153
2012-06-28 13:00:00,293.84563512860706
2012-06-28 14:00:00,268.57417179537816
2012-06-28 15:00:00,289.2349358415417
2012-06-28 16:00:00,440.0721250299375
2012-06-28 17:00:00,670.5997377063177
2012-06-28 18:00:00,649.4810841621373
2012-06-28 19:00:00,522.804386707532
2012-06-28 20:00:00,419.3761904259387
2012-06-28 21:00:00,321.9414280155858
2012-06-28 22:00:00,249.71061923767732
2012-06-28 23:00:00,186.61564366799215
2012-06-29 00:00:00,102.31560201660136
2012-06-29 01:00:00,39.41277714131515
2012-06-29 02:00:00,18.03984519308419
2012-06-29 03:00:00,8.918609938425133
2012-06-29 04:00:00,8.19397860286167
2012-06-29 05:00:00,36.49291636601923
2012-06-29 06:00:00,179.43897302120473
2012-06-29 07:00:00,400.0560798971713
2012-06-29 08:00:00,594.0912536400748
2012-06-29 09:00:00,350.4169971739793
2012-06-29 10:00:00,210.90267232026594
2012-06-29 11:00:00,255.03534894434785
2012-06-29 12:00:00,291.34706786272244
2012-06-29 13:00:00,260.2400432580914
2012-06-29 14:00:00,253.68311498324084
2012-06-29 15:00:00,250.35881289345178
2012-06-29 16:00:00,341.82616588425384
2012-06-29 17:00:00,509.4304279826321
2012-06-29 18:00:00,418.57337248651885
2012-06-29 19:00:00,403.0285919385767
2012-06-29 20:00:00,321.60335734884
2012-06-29 21:00:00,262.9439957186731
2012-06-29 22:00:00,166.18366533720783
2012-06-29 23:00:00,146.37364837190142
2012-06-30 00:00:00,114.21249590925338
2012-06-30 01:00:00,76.36591820902376
2012-06-30 02:00:00,64.29432067787896
2012-06-30 03:00:00,28.311583916763954
2012-06-30 04:00:00,10.770402437128789
2012-06-30 05:00:00,15.126060006572114
2012-06-30 06:00:00,32.89062930187749
2012-06-30 07:00:00,84.537372705582
2012-06-30 08:00:00,169.28173744460048
2012-06-30 09:00:00,241.7333103396287
2012-06-30 10:00:00,368.6485594183705
2012-06-30 11:00:00,445.5330859415204
2012-06-30 12:00:00,552.5388291714793
2012-06-30 13:00:00,551.2134515802899
2012-06-30 14:00:00,529.5999824994752
2012-06-30 15:00:00,522.2519646196521
2012-06-30 16:00:00,446.1761793737204
2012-06-30 17:00:00,466.8466983730644
2012-06-30 18:00:00,412.3872932303187
2012-06-30 19:00:00,407.838400595714
2012-06-30 20:00:00,365.54220805250947
2012-06-30 21:00:00,296.66109762865165
2012-06-30 22:00:00,245.4079084959643
2012-06-30 23:00:00,208.18935935314286
2012-07-20 00:00:00,63.0630361269812
2012-07-20 01:00:00,37.23666190220194
2012-07-20 02:00:00,13.596621567028532
2012-07-20 03:00:00,8.626975373441836
2012-07-20 04:00:00,8.240416766568686
2012-07-20 05:00:00,35.16418279323063
2012-07-20 06:00:00,166.77576075646317
2012-07-20 07:00:00,383.06065955539316
2012-07-20 08:00:00,598.6891780288892
2012-07-20 09:00:00,362.90677929165764
2012-07-20 10:00:00,216.5877334081602
2012-07-20 11:00:00,209.2684871414873
2012-07-20 12:00:00,177.58786063438524
2012-07-20 13:00:00,171.41079131606932
2012-07-20 14:00:00,166.55782557887446
2012-07-20 15:00:00,283.0766355042307
2012-07-20 16:00:00,361.03813072288875
2012-07-20 17:00:00,426.8824279980017
2012-07-20 18:00:00,521.8357675569739
2012-07-20 19:00:00,331.12886332831465
2012-07-20 20:00:00,125.08433873705528
2012-07-20 21:00:00,119.09763996015691
2012-07-20 22:00:00,179.26303345967688
2012-07-20 23:00:00,156.62510760093963
2012-07-21 00:00:00,108.64051843057797
2012-07-21 01:00:00,102.13418341227113
2012-07-21 02:00:00,47.424161493030645
2012-07-21 03:00:00,21.622273685299735
2012-07-21 04:00:00,8.72947376114217
2012-07-21 05:00:00,10.373327523045068
2012-07-21 06:00:00,20.937194560789184
2012-07-21 07:00:00,77.07430757998019
2012-07-21 08:00:00,178.16690929320166
2012-07-21 09:00:00,224.00769498800793
2012-07-21 10:00:00,169.5688210366372
2012-07-21 11:00:00,305.82378773972056
2012-07-21 12:00:00,209.0034297026757
2012-07-21 13:00:00,215.73155026806134
2012-07-21 14:00:00,292.622062223032
2012-07-21 15:00:00,187.74760056029183
2012-07-21 16:00:00,184.12650870454527
2012-07-21 17:00:00,185.66711528482227
2012-07-21 18:00:00,247.02960241274423
2012-07-21 19:00:00,244.83956002711375
2012-07-21 20:00:00,122.79623031088599
2012-07-21 21:00:00,161.15705754478967
2012-07-21 22:00:00,126.14599630511897
2012-07-21 23:00:00,122.42883392322287
2012-07-22 00:00:00,136.31806250811803
2012-07-22 01:00:00,107.09146387648423
2012-07-22 02:00:00,69.33245275759748
2012-07-22 03:00:00,33.62217862689889
2012-07-22 04:00:00,12.70292750674237
2012-07-22 05:00:00,12.08481645102785
2012-07-22 06:00:00,17.98033891318208
2012-07-22 07:00:00,46.398633480096905
2012-07-22 08:00:00,115.64821941103301
2012-07-22 09:00:00,254.96368756372974
2012-07-22 10:00:00,386.20223941481754
2012-07-22 11:00:00,460.76264871885206
2012-07-22 12:00:00,543.0187647050194
2012-07-22 13:00:00,536.6206008327564
2012-07-22 14:00:00,499.7089224357385
2012-07-22 15:00:00,504.9434746604246
2012-07-22 16:00:00,487.18656800545
2012-07-22 17:00:00,450.5572555776786
2012-07-22 18:00:00,414.7057201305234
2012-07-22 19:00:00,364.271201409563
2012-07-22 20:00:00,248.75187231910033
2012-07-22 21:00:00,184.07749989970753
2012-07-22 22:00:00,166.6393976367442
2012-07-22 23:00:00,120.61052657705015
2012-07-23 00:00:00,39.83085738101065
2012-07-23 01:00:00,17.33589267894504
2012-07-23 02:00:00,7.809636113317939
2012-07-23 03:00:00,5.018972669603726
2012-07-23 04:00:00,6.100987127025068
2012-07-23 05:00:00,26.281570706886146
2012-07-23 06:00:00,134.81337932334435
2012-07-23 07:00:00,378.1351883232863
2012-07-23 08:00:00,564.9658555033255
2012-07-23 09:00:00,328.6832358774154
2012-07-23 10:00:00,188.12104895125006
2012-07-23 11:00:00,222.92460024434857
2012-07-23 12:00:00,284.03016357956466
2012-07-23 13:00:00,275.4187676214999
2012-07-23 14:00:00,247.36918939272633
2012-07-23 15:00:00,267.19883241120107
2012-07-23 16:00:00,422.6289366891689
2012-07-23 17:00:00,687.4667264960283
2012-07-23 18:00:00,673.0142274578744
2012-07-23 19:00:00,569.7072939678053
2012-07-23 20:00:00,441.3985618492998
2012-07-23 21:00:00,311.9378280314606
2012-07-23 22:00:00,213.36739004158906
2012-07-23 23:00:00,111.63021330531011
2012-07-24 00:00:00,48.688936355370906
2012-07-24 01:00:00,19.62224428387382
2012-07-24 02:00:00,8.129089481525831
2012-07-24 03:00:00,6.212955255678546
2012-07-24 04:00:00,7.13058225581665
2012-07-24 05:00:00,37.54719147323412
2012-07-24 06:00:00,168.7408899719966
2012-07-24 07:00:00,472.4168762613403
2012-07-24 08:00:00,670.5991080853623
2012-07-24 09:00:00,310.94096624474247
2012-07-24 10:00:00,186.15624170160083
2012-07-24 11:00:00,207.8259144943205
2012-07-24 12:00:00,260.47156230619123
2012-07-24 13:00:00,253.08410259694787
2012-07-24 14:00:00,237.17406793670477
2012-07-24 15:00:00,270.07741431138714
2012-07-24 16:00:00,413.6637476167402
2012-07-24 17:00:00,700.8645312906079
2012-07-24 18:00:00,676.7939802328053
2012-07-24 19:00:00,567.524825854339
2012-07-24 20:00:00,434.77638395975424
2012-07-24 21:00:00,325.7429537350549
2012-07-24 22:00:00,224.42338344202656
2012-07-24 23:00:00,129.71631116921304
2012-07-25 00:00:00,47.18460769176458
2012-07-25 01:00:00,22.611698313215776
2012-07-25 02:00:00,10.52283077841263
2012-07-25 03:00:00,6.1913022574119925
2012-07-25 04:00:00,6.68154012645311
2012-07-25 05:00:00,37.778516081885016
2012-07-25 06:00:00,167.04379909589306
2012-07-25 07:00:00,467.9426284950548
2012-07-25 08:00:00,753.4324707870835
2012-07-25 09:00:00,369.413906836129
2012-07-25 10:00:00,224.55080074905104
2012-07-25 11:00:00,236.0824516661455
2012-07-25 12:00:00,300.7702593745069
2012-07-25 13:00:00,283.5291400047651
2012-07-25 14:00:00,253.42088686116895
2012-07-25 15:00:00,280.9494321363238
2012-07-25 16:00:00,424.249600598821
2012-07-25 17:00:00,700.5426583771059
2012-07-25 18:00:00,680.0024562427204
2012-07-25 19:00:00,584.2605185915295
2012-07-25 20:00:00,463.1860242992136
2012-07-25 21:00:00,350.1909362255209
2012-07-25 22:00:00,250.39379000494336
2012-07-25 23:00:00,150.63256026627892
2012-07-26 00:00:00,58.65240398329682
2012-07-26 01:00:00,24.211273291835514
2012-07-26 02:00:00,12.038238633978319
2012-07-26 03:00:00,7.946445104917265
2012-07-26 04:00:00,8.142913177430135
2012-07-26 05:00:00,38.28522839290873
2012-07-26 06:00:00,181.6591798544016
2012-07-26 07:00:00,471.5074668525782
2012-07-26 08:00:00,718.8902710876013
2012-07-26 09:00:00,346.2841601820346
2012-07-26 10:00:00,204.0501179895553
2012-07-26 11:00:00,216.5471030106424
2012-07-26 12:00:00,269.9322192115832
2012-07-26 13:00:00,252.4304962983493
2012-07-26 14:00:00,220.95099880449837
2012-07-26 15:00:00,237.7579016927786
2012-07-26 16:00:00,344.9125591208734
2012-07-26 17:00:00,604.538667096762
2012-07-26 18:00:00,564.9208020572934
2012-07-26 19:00:00,488.4875130216214
2012-07-26 20:00:00,406.39461391135916
2012-07-26 21:00:00,296.1540640943308
2012-07-26 22:00:00,226.7794054919203
2012-07-26 23:00:00,175.60678787748927
2012-07-27 00:00:00,94.75313036158471
2012-07-27 01:00:00,36.70612369553085
2012-07-27 02:00:00,15.323202090359878
2012-07-27 03:00:00,9.097112776353654
2012-07-27 04:00:00,8.117469863395307
2012-07-27 05:00:00,34.47572179765481
2012-07-27 06:00:00,171.14434638335865
2012-07-27 07:00:00,388.1027209140743
2012-07-27 08:00:00,552.7502406219435
2012-07-27 09:00:00,335.0247165508816
2012-07-27 10:00:00,219.68658177069312
2012-07-27 11:00:00,279.03985567991975
2012-07-27 12:00:00,330.15059952299794
2012-07-27 13:00:00,341.60569145904924
2012-07-27 14:00:00,299.57876549541083
2012-07-27 15:00:00,325.028728827873
2012-07-27 16:00:00,472.12608284622576
2012-07-27 17:00:00,635.872182810751
2012-07-27 18:00:00,602.4466046354127
2012-07-27 19:00:00,482.9362634082662
2012-07-27 20:00:00,375.7259309143651
2012-07-27 21:00:00,300.60834304788614
2012-07-27 22:00:00,249.1657779611953
2012-07-27 23:00:00,207.08820882328538
2012-07-28 00:00:00,169.17880967693029
2012-07-28 01:00:00,112.62358858897596
2012-07-28 02:00:00,66.11995228467855
2012-07-28 03:00:00,28.935115615865676
2012-07-28 04:00:00,11.385912180639018
2012-07-28 05:00:00,15.990344686088921
2012-07-28 06:00:00,36.064425875160296
2012-07-28 07:00:00,93.52862123204957
2012-07-28 08:00:00,171.54141595346053
2012-07-28 09:00:00,278.9981500419707
2012-07-28 10:00:00,396.544702230836
2012-07-28 11:00:00,483.459855794228
2012-07-28 12:00:00,579.2278369956783
2012-07-28 13:00:00,526.9718274648162
2012-07-28 14:00:00,544.6834823229676
2012-07-28 15:00:00,526.5459122161533
2012-07-28 16:00:00,552.2761659825322
2012-07-28 17:00:00,489.2136563596922
2012-07-28 18:00:00,464.99339993588137
2012-07-28 19:00:00,332.57833997684264
2012-07-28 20:00:00,267.5362498789757
2012-07-28 21:00:00,268.83772791255785
2012-07-28 22:00:00,240.70372602354155
2012-07-28 23:00:00,205.5952223657937
2012-07-29 00:00:00,177.4307572374878
2012-07-29 01:00:00,124.93416676716866
2012-07-29 02:00:00,85.05444313907697
2012-07-29 03:00:00,38.41791056037938
2012-07-29 04:00:00,11.218963954747583
2012-07-29 05:00:00,13.148240068833067
2012-07-29 06:00:00,23.658335709249755
2012-07-29 07:00:00,63.39189987495945
2012-07-29 08:00:00,131.3731987751712
2012-07-29 09:00:00,264.9869731831932
2012-07-29 10:00:00,394.50261301576137
2012-07-29 11:00:00,463.9218985082514
2012-07-29 12:00:00,553.7096256208021
2012-07-29 13:00:00,544.3546040355059
2012-07-29 14:00:00,506.1781890688877
2012-07-29 15:00:00,514.9249270522673
2012-07-29 16:00:00,508.4367840972837
2012-07-29 17:00:00,449.7980538839273
2012-07-29 18:00:00,430.7705429362843
2012-07-29 19:00:00,383.175828202907
2012-07-29 20:00:00,276.4486320815072
2012-07-29 21:00:00,218.28347293801514
2012-07-29 22:00:00,177.22439093305607
2012-07-29 23:00:00,117.01235590711259
2012-07-30 00:00:00,51.88978628170783
2012-07-30 01:00:00,18.517233287462723
2012-07-30 02:00:00,9.508511769117744
2012-07-30 03:00:00,5.88843930233707
2012-07-30 04:00:00,6.889909501561121
2012-07-30 05:00:00,32.19014146398437
2012-07-30 06:00:00,148.9383400380155
2012-07-30 07:00:00,393.12712395337104
2012-07-30 08:00:00,641.7849444203712
2012-07-30 09:00:00,334.55198905736984
2012-07-30 10:00:00,185.95060191389965
2012-07-30 11:00:00,220.51423837649486
2012-07-30 12:00:00,269.6021023517759
2012-07-30 13:00:00,275.37538179989474
2012-07-30 14:00:00,250.45755442977816
2012-07-30 15:00:00,272.1325188855369
2012-07-30 16:00:00,416.497128041612
2012-07-30 17:00:00,687.1819008359961
2012-07-30 18:00:00,680.7299864885737
2012-07-30 19:00:00,575.6783713066087
2012-07-30 20:00:00,399.7514732879548
2012-07-30 21:00:00,288.80708348724744
2012-07-30 22:00:00,185.43029157769809
2012-07-30 23:00:00,117.97406432976014
2012-07-31 00:00:00,48.14932901420879
2012-07-31 01:00:00,18.870908730806104
2012-07-31 02:00:00,8.129089481525831
2012-07-31 03:00:00,6.098563342300695
2012-07-31 04:00:00,7.13058225581665
2012-07-31 05:00:00,37.635024601930915
2012-07-31 06:00:00,166.59549742734714
2012-07-31 07:00:00,431.2958555552575
2012-07-31 08:00:00,642.7934354133481
2012-07-31 09:00:00,341.75093885826834
2012-07-31 10:00:00,194.3154576693306
2012-07-31 11:00:00,220.49999260005612
2012-07-31 12:00:00,279.00684968078986
2012-07-31 13:00:00,268.67282312773773
2012-07-31 14:00:00,248.99964731160304
2012-07-31 15:00:00,270.6385921900683
2012-07-31 16:00:00,412.9130390273067
2012-07-31 17:00:00,699.000316872715
2012-07-31 18:00:00,679.0822758586387
2012-07-31 19:00:00,482.52456176564186
2012-07-31 20:00:00,331.2934921391162
2012-07-31 21:00:00,290.38066004009954
2012-07-31 22:00:00,227.11414340422846
2012-07-31 23:00:00,127.42298984627723
2012-08-20 00:00:00,32.75261329785689
2012-08-20 01:00:00,15.603556275392737
2012-08-20 02:00:00,7.701508993211148
2012-08-20 03:00:00,5.342935705090164
2012-08-20 04:00:00,5.922603661508701
2012-08-20 05:00:00,29.26359808150205
2012-08-20 06:00:00,161.9067771455594
2012-08-20 07:00:00,398.99243606193323
2012-08-20 08:00:00,637.2517548114354
2012-08-20 09:00:00,318.25865831400256
2012-08-20 10:00:00,192.35832479790542
2012-08-20 11:00:00,223.6138677074767
2012-08-20 12:00:00,288.96385598608464
2012-08-20 13:00:00,283.13696309047833
2012-08-20 14:00:00,265.7993581641126
2012-08-20 15:00:00,286.22007090078085
2012-08-20 16:00:00,439.63362172088
2012-08-20 17:00:00,702.6775280355024
2012-08-20 18:00:00,550.0019397995054
2012-08-20 19:00:00,418.6385457343096
2012-08-20 20:00:00,268.0307039941512
2012-08-20 21:00:00,219.87396068485748
2012-08-20 22:00:00,138.03261845609674
2012-08-20 23:00:00,77.92882965636542
2012-08-21 00:00:00,33.28076980067312
2012-08-21 01:00:00,14.156428366057964
2012-08-21 02:00:00,5.697237076353736
2012-08-21 03:00:00,5.303553632415417
2012-08-21 04:00:00,6.573146138334876
2012-08-21 05:00:00,38.06154950927002
2012-08-21 06:00:00,175.2700866491667
2012-08-21 07:00:00,451.37194498523166
2012-08-21 08:00:00,658.0033827553189
2012-08-21 09:00:00,335.49982728005807
2012-08-21 10:00:00,208.97002208261955
2012-08-21 11:00:00,230.03820935995847
2012-08-21 12:00:00,296.14509245285427
2012-08-21 13:00:00,292.8005937243592
2012-08-21 14:00:00,272.00509784394995
2012-08-21 15:00:00,294.2644880336274
2012-08-21 16:00:00,451.9748228241419
2012-08-21 17:00:00,729.6965763357721
2012-08-21 18:00:00,716.1693538514946
2012-08-21 19:00:00,378.3923677330813
2012-08-21 20:00:00,415.3261233603744
2012-08-21 21:00:00,312.2602127256026
2012-08-21 22:00:00,205.08475297013342
2012-08-21 23:00:00,110.02311269649675
2012-08-22 00:00:00,45.96157968969622
2012-08-22 01:00:00,17.22108727436882
2012-08-22 02:00:00,8.37343715357182
2012-08-22 03:00:00,7.039045145724598
2012-08-22 04:00:00,7.420807674366218
2012-08-22 05:00:00,39.354070077020864
2012-08-22 06:00:00,174.33998767273044
2012-08-22 07:00:00,443.33468849965277
2012-08-22 08:00:00,726.0167469820566
2012-08-22 09:00:00,351.87916612000026
2012-08-22 10:00:00,217.85797263267978
2012-08-22 11:00:00,231.47148214968297
2012-08-22 12:00:00,293.0050875157168
2012-08-22 13:00:00,278.1655040638927
2012-08-22 14:00:00,256.72304982724995
2012-08-22 15:00:00,277.3323419693573
2012-08-22 16:00:00,335.50557796611173
2012-08-22 17:00:00,593.7790485326575
2012-08-22 18:00:00,527.7095270761014
2012-08-22 19:00:00,497.17790629483585
2012-08-22 20:00:00,416.04485315869454
2012-08-22 21:00:00,321.86906526994034
2012-08-22 22:00:00,244.6599080638802
2012-08-22 23:00:00,120.25307795706107
2012-08-23 00:00:00,61.42313945747631
2012-08-23 01:00:00,20.42982817547729
2012-08-23 02:00:00,9.434853528861145
2012-08-23 03:00:00,7.066979462733462
2012-08-23 04:00:00,7.237922596204703
2012-08-23 05:00:00,34.84988154759385
2012-08-23 06:00:00,142.2427188361827
2012-08-23 07:00:00,386.6865266132819
2012-08-23 08:00:00,740.4204332959893
2012-08-23 09:00:00,364.9098197044087
2012-08-23 10:00:00,206.51698282582953
2012-08-23 11:00:00,238.66370755167105
2012-08-23 12:00:00,301.36584254137443
2012-08-23 13:00:00,284.7245994930376
2012-08-23 14:00:00,261.5546200038971
2012-08-23 15:00:00,284.24350398648915
2012-08-23 16:00:00,436.499054615793
2012-08-23 17:00:00,698.9933092847768
2012-08-23 18:00:00,697.9310487296295
2012-08-23 19:00:00,561.908762646415
2012-08-23 20:00:00,437.3384314927826
2012-08-23 21:00:00,340.8255090863155
2012-08-23 22:00:00,240.99125813732903
2012-08-23 23:00:00,171.64774575539366
2012-08-24 00:00:00,91.23182533119589
2012-08-24 01:00:00,31.615926352919118
2012-08-24 02:00:00,16.910494150946533
2012-08-24 03:00:00,9.536988531901853
2012-08-24 04:00:00,7.5885634415307255
2012-08-24 05:00:00,37.21837995107332
2012-08-24 06:00:00,149.07005321287485
2012-08-24 07:00:00,376.2228228603859
2012-08-24 08:00:00,643.7485653325753
2012-08-24 09:00:00,375.1868883278372
2012-08-24 10:00:00,233.25162790313763
2012-08-24 11:00:00,283.7443763074341
2012-08-24 12:00:00,372.27904413629994
2012-08-24 13:00:00,357.6261947821556
2012-08-24 14:00:00,327.5859652097925
2012-08-24 15:00:00,351.0379091476203
2012-08-24 16:00:00,485.7488517267948
2012-08-24 17:00:00,682.9332872997877
2012-08-24 18:00:00,636.7805178380589
2012-08-24 19:00:00,483.35887739009945
2012-08-24 20:00:00,371.0879732361622
2012-08-24 21:00:00,301.430163734167
2012-08-24 22:00:00,249.34462637748362
2012-08-24 23:00:00,197.2955911155523
2012-08-25 00:00:00,179.69938441087658
2012-08-25 01:00:00,117.48630131603183
2012-08-25 02:00:00,74.32608258476361
2012-08-25 03:00:00,31.58590226973829
2012-08-25 04:00:00,12.126227914846229
2012-08-25 05:00:00,13.937022413236535
2012-08-25 06:00:00,35.043739444496914
2012-08-25 07:00:00,83.5421126849802
2012-08-25 08:00:00,191.42454289241945
2012-08-25 09:00:00,301.8627356479972
2012-08-25 10:00:00,431.67149911477367
2012-08-25 11:00:00,509.15798762189655
2012-08-25 12:00:00,497.5782110778505
2012-08-25 13:00:00,590.9291397961936
2012-08-25 14:00:00,415.9409586039317
2012-08-25 15:00:00,451.4772385985044
2012-08-25 16:00:00,484.59589246036984
2012-08-25 17:00:00,436.6678688872792
2012-08-25 18:00:00,463.32019909140445
2012-08-25 19:00:00,288.79165126339075
2012-08-25 20:00:00,134.3550751380136
2012-08-25 21:00:00,206.67096971146165
2012-08-25 22:00:00,185.01863999702886
2012-08-25 23:00:00,145.14121076027456
2012-08-26 00:00:00,171.31683911439117
2012-08-26 01:00:00,120.15441709474044
2012-08-26 02:00:00,73.96687827236761
2012-08-26 03:00:00,36.376826962510556
2012-08-26 04:00:00,10.694669169300727
2012-08-26 05:00:00,11.71343975263624
2012-08-26 06:00:00,17.88277346755905
2012-08-26 07:00:00,47.03843509379074
2012-08-26 08:00:00,122.78868130026801
2012-08-26 09:00:00,236.81578770671112
2012-08-26 10:00:00,362.90488448788386
2012-08-26 11:00:00,435.99451870579645
2012-08-26 12:00:00,358.5010843061324
2012-08-26 13:00:00,316.0218297605718
2012-08-26 14:00:00,357.3450624877729
2012-08-26 15:00:00,208.14959767111088
2012-08-26 16:00:00,204.61922401184555
2012-08-26 17:00:00,289.9920471010686
2012-08-26 18:00:00,261.5985367674214
2012-08-26 19:00:00,252.1803411400265
2012-08-26 20:00:00,198.0979928872003
2012-08-26 21:00:00,161.10394952290835
2012-08-26 22:00:00,129.56478755855895
2012-08-26 23:00:00,89.6906725579693
2012-08-27 00:00:00,38.35358033883855
2012-08-27 01:00:00,14.4009091639315
2012-08-27 02:00:00,7.257602700630125
2012-08-27 03:00:00,5.168093168710535
2012-08-27 04:00:00,6.505609887933255
2012-08-27 05:00:00,29.48234848209657
2012-08-27 06:00:00,138.77853894058956
2012-08-27 07:00:00,371.1901704487996
2012-08-27 08:00:00,551.9673580145187
2012-08-27 09:00:00,282.0908979276412
2012-08-27 10:00:00,189.79436681895768
2012-08-27 11:00:00,216.0750575933461
2012-08-27 12:00:00,272.20671922657533
2012-08-27 13:00:00,270.2603042358047
2012-08-27 14:00:00,251.26556193940954
2012-08-27 15:00:00,266.1626309740472
2012-08-27 16:00:00,414.4926127405606
2012-08-27 17:00:00,696.9735756835323
2012-08-27 18:00:00,679.1791034023959
2012-08-27 19:00:00,551.8436557031371
2012-08-27 20:00:00,416.1208050331387
2012-08-27 21:00:00,279.91218316424846
2012-08-27 22:00:00,181.3329329795789
2012-08-27 23:00:00,101.03775874172871
2012-08-28 00:00:00,43.32899019920308
2012-08-28 01:00:00,19.26301915153284
2012-08-28 02:00:00,7.884354895609441
2012-08-28 03:00:00,6.34883932338837
2012-08-28 04:00:00,7.261604945376458
2012-08-28 05:00:00,34.469526406112905
2012-08-28 06:00:00,160.1928943444433
2012-08-28 07:00:00,413.38309257048246
2012-08-28 08:00:00,605.9898800201474
2012-08-28 09:00:00,329.44301250611863
2012-08-28 10:00:00,201.47622630815815
2012-08-28 11:00:00,219.1765916821895
2012-08-28 12:00:00,274.98655308559967
2012-08-28 13:00:00,271.8268200452057
2012-08-28 14:00:00,248.71622813657572
2012-08-28 15:00:00,272.3703948276372
2012-08-28 16:00:00,418.8103499007714
2012-08-28 17:00:00,704.5051321228776
2012-08-28 18:00:00,698.3546498400261
2012-08-28 19:00:00,587.6504582057275
2012-08-28 20:00:00,451.9673036971986
2012-08-28 21:00:00,343.7813971764226
2012-08-28 22:00:00,231.8240481677691
2012-08-28 23:00:00,145.313492127986
2012-08-29 00:00:00,53.8735828608059
2012-08-29 01:00:00,20.925086174814137
2012-08-29 02:00:00,9.408146105019664
2012-08-29 03:00:00,6.802397666437425
2012-08-29 04:00:00,7.142133630103178
2012-08-29 05:00:00,39.39493524361845
2012-08-29 06:00:00,176.61536447477926
2012-08-29 07:00:00,443.22377627380246
2012-08-29 08:00:00,740.3659175116952
2012-08-29 09:00:00,353.948584607938
2012-08-29 10:00:00,211.18848579761547
2012-08-29 11:00:00,242.72151485845586
2012-08-29 12:00:00,286.09465239219213
2012-08-29 13:00:00,289.8551595682189
2012-08-29 14:00:00,257.74854048670886
2012-08-29 15:00:00,278.692304257649
2012-08-29 16:00:00,450.6363345442097
2012-08-29 17:00:00,719.1342426065012
2012-08-29 18:00:00,710.660413504089
2012-08-29 19:00:00,588.8633218341215
2012-08-29 20:00:00,458.9400158396823
2012-08-29 21:00:00,346.94373202990295
2012-08-29 22:00:00,255.03387450296196
2012-08-29 23:00:00,160.2733393518644
2012-08-30 00:00:00,57.97448678543873
2012-08-30 01:00:00,22.26050255916953
2012-08-30 02:00:00,11.164973287130053
2012-08-30 03:00:00,7.8915238544088595
2012-08-30 04:00:00,7.773226368205888
2012-08-30 05:00:00,37.139675644629065
2012-08-30 06:00:00,173.78874761148978
2012-08-30 07:00:00,470.83977686715275
2012-08-30 08:00:00,715.7310227175393
2012-08-30 09:00:00,353.00835909206245
2012-08-30 10:00:00,219.45584834846878
2012-08-30 11:00:00,240.37433261431312
2012-08-30 12:00:00,299.62754519949635
2012-08-30 13:00:00,292.6033714566355
2012-08-30 14:00:00,268.9492711541626
2012-08-30 15:00:00,278.6692561003139
2012-08-30 16:00:00,418.0044320992521
2012-08-30 17:00:00,670.6696707745502
2012-08-30 18:00:00,659.1581771443215
2012-08-30 19:00:00,553.7521157071233
2012-08-30 20:00:00,423.89529409208444
2012-08-30 21:00:00,327.72002116048174
2012-08-30 22:00:00,252.79901205794195
2012-08-30 23:00:00,175.31661379857724
2012-08-31 00:00:00,96.40611729753445
2012-08-31 01:00:00,38.19620291301622
2012-08-31 02:00:00,15.986909457554127
2012-08-31 03:00:00,9.427796628547767
2012-08-31 04:00:00,8.187996642298808
2012-08-31 05:00:00,35.16125149910224
2012-08-31 06:00:00,155.76560337422285
2012-08-31 07:00:00,341.5913659886863
2012-08-31 08:00:00,627.0498376618247
2012-08-31 09:00:00,363.90322774238246
2012-08-31 10:00:00,232.9674912595182
2012-08-31 11:00:00,281.8763698020675
2012-08-31 12:00:00,366.8009184503014
2012-08-31 13:00:00,351.552434017592
2012-08-31 14:00:00,331.3014389731429
2012-08-31 15:00:00,312.07801136664284
2012-08-31 16:00:00,421.4459407953764
2012-08-31 17:00:00,614.3510452368655
2012-08-31 18:00:00,604.6121286796741
2012-08-31 19:00:00,477.89227485332714
2012-08-31 20:00:00,378.0984966190993
2012-08-31 21:00:00,306.2232432857738
2012-08-31 22:00:00,251.95818472829254
2012-08-31 23:00:00,214.9462876705335
2012-09-20 00:00:00,58.62368884405128
2012-09-20 01:00:00,24.25894647020503
2012-09-20 02:00:00,12.114603557578173
2012-09-20 03:00:00,7.019151391136042
2012-09-20 04:00:00,7.127104256786081
2012-09-20 05:00:00,38.2113178606539
2012-09-20 06:00:00,179.91183831266437
2012-09-20 07:00:00,462.8930315643387
2012-09-20 08:00:00,764.3888374276834
2012-09-20 09:00:00,357.43675836848354
2012-09-20 10:00:00,230.68833483760815
2012-09-20 11:00:00,252.92848841286897
2012-09-20 12:00:00,314.77773739189723
2012-09-20 13:00:00,310.54718526568575
2012-09-20 14:00:00,280.62975173070635
2012-09-20 15:00:00,306.89759156611206
2012-09-20 16:00:00,456.4529428756513
2012-09-20 17:00:00,712.2612018971805
2012-09-20 18:00:00,697.1084701062103
2012-09-20 19:00:00,555.2403070738227
2012-09-20 20:00:00,410.6796004444313
2012-09-20 21:00:00,306.31112202476703
2012-09-20 22:00:00,221.22314506324034
2012-09-20 23:00:00,155.4635207550421
2012-09-21 00:00:00,94.1284295888684
2012-09-21 01:00:00,38.938645862081174
2012-09-21 02:00:00,18.214425346253215
2012-09-21 03:00:00,10.545394341265611
2012-09-21 04:00:00,9.493456120942016
2012-09-21 05:00:00,39.12748540087227
2012-09-21 06:00:00,184.81530985566698
2012-09-21 07:00:00,432.9652394082559
2012-09-21 08:00:00,669.3405333461951
2012-09-21 09:00:00,369.7442871121827
2012-09-21 10:00:00,258.5126553146949
2012-09-21 11:00:00,303.7496449255701
2012-09-21 12:00:00,387.2067073140244
2012-09-21 13:00:00,386.3738843846356
2012-09-21 14:00:00,359.71778077596144
2012-09-21 15:00:00,381.182486115852
2012-09-21 16:00:00,526.9293482509777
2012-09-21 17:00:00,698.6002457526038
2012-09-21 18:00:00,677.1293856167962
2012-09-21 19:00:00,495.14593779734264
2012-09-21 20:00:00,379.92304450194655
2012-09-21 21:00:00,269.5141797796816
2012-09-21 22:00:00,230.24001988962056
2012-09-21 23:00:00,185.68332849387957
2012-09-22 00:00:00,161.50544578067579
2012-09-22 01:00:00,117.1114678792782
2012-09-22 02:00:00,70.22356938230467
2012-09-22 03:00:00,33.30876552127394
2012-09-22 04:00:00,12.437338872914731
2012-09-22 05:00:00,15.504284870076027
2012-09-22 06:00:00,38.433619041614946
2012-09-22 07:00:00,102.01873195008132
2012-09-22 08:00:00,221.90644434781328
2012-09-22 09:00:00,319.0527164769199
2012-09-22 10:00:00,442.4236485259154
2012-09-22 11:00:00,541.6956570014235
2012-09-22 12:00:00,631.4725868254815
2012-09-22 13:00:00,619.8679746597986
2012-09-22 14:00:00,586.1583931666374
2012-09-22 15:00:00,601.8002170758466
2012-09-22 16:00:00,613.8856120194007
2012-09-22 17:00:00,574.240190752178
2012-09-22 18:00:00,527.3595341144057
2012-09-22 19:00:00,473.73335665934786
2012-09-22 20:00:00,408.56941834131163
2012-09-22 21:00:00,326.2195951730505
2012-09-22 22:00:00,269.4852647328235
2012-09-22 23:00:00,225.7012664394721
2012-09-23 00:00:00,190.53831123908307
2012-09-23 01:00:00,122.03025785064062
2012-09-23 02:00:00,75.7363290584664
2012-09-23 03:00:00,34.769468899435154
2012-09-23 04:00:00,10.584024126356159
2012-09-23 05:00:00,10.324265964354527
2012-09-23 06:00:00,19.725643468560325
2012-09-23 07:00:00,72.36453645444445
2012-09-23 08:00:00,151.76775498534644
2012-09-23 09:00:00,265.2579924144224
2012-09-23 10:00:00,411.49502912872686
2012-09-23 11:00:00,495.02281635318303
2012-09-23 12:00:00,611.9264761634731
2012-09-23 13:00:00,731.1143385595049
2012-09-23 14:00:00,663.2092688562046
2012-09-23 15:00:00,639.5077213818649
2012-09-23 16:00:00,628.6205816376475
2012-09-23 17:00:00,523.7042335733476
2012-09-23 18:00:00,440.4674452482669
2012-09-23 19:00:00,330.3249244162558
2012-09-23 20:00:00,237.75473349184364
2012-09-23 21:00:00,177.74939577447438
2012-09-23 22:00:00,148.23238516338375
2012-09-23 23:00:00,80.15003240980568
2012-09-24 00:00:00,41.64383480474977
2012-09-24 01:00:00,16.693860193636006
2012-09-24 02:00:00,7.901735095884652
2012-09-24 03:00:00,5.180540228916823
2012-09-24 04:00:00,6.325795076867086
2012-09-24 05:00:00,36.563630848556826
2012-09-24 06:00:00,166.41913000102258
2012-09-24 07:00:00,469.44516618300287
2012-09-24 08:00:00,709.7263622994417
2012-09-24 09:00:00,333.3208231481955
2012-09-24 10:00:00,208.66343622002043
2012-09-24 11:00:00,240.6319020554356
2012-09-24 12:00:00,297.7702370745984
2012-09-24 13:00:00,298.6379191910532
2012-09-24 14:00:00,266.12925671142597
2012-09-24 15:00:00,295.71351151822046
2012-09-24 16:00:00,426.34760822275683
2012-09-24 17:00:00,684.8098422065123
2012-09-24 18:00:00,675.306016071089
2012-09-24 19:00:00,524.5709269359
2012-09-24 20:00:00,384.6099309925241
2012-09-24 21:00:00,260.308812169595
2012-09-24 22:00:00,160.3123332198294
2012-09-24 23:00:00,94.60456097376286
2012-09-25 00:00:00,38.01212017790106
2012-09-25 01:00:00,15.645402404600997
2012-09-25 02:00:00,7.399684023547064
2012-09-25 03:00:00,4.209310257564221
2012-09-25 04:00:00,6.035331402567423
2012-09-25 05:00:00,42.385094915014555
2012-09-25 06:00:00,184.7702459089048
2012-09-25 07:00:00,465.98456310255506
2012-09-25 08:00:00,723.0996769060301
2012-09-25 09:00:00,344.81677795685636
2012-09-25 10:00:00,220.2433474285528
2012-09-25 11:00:00,245.75671174322287
2012-09-25 12:00:00,303.6296823850551
2012-09-25 13:00:00,303.33738856658175
2012-09-25 14:00:00,287.86807723193516
2012-09-25 15:00:00,308.5636503263835
2012-09-25 16:00:00,480.3017549929878
2012-09-25 17:00:00,774.8110830840453
2012-09-25 18:00:00,723.4745155507671
2012-09-25 19:00:00,571.6210976147065
2012-09-25 20:00:00,447.7486834024335
2012-09-25 21:00:00,330.4617568553659
2012-09-25 22:00:00,228.22829878159877
2012-09-25 23:00:00,136.17323217055923
2012-09-26 00:00:00,48.34657517597312
2012-09-26 01:00:00,19.07352613628254
2012-09-26 02:00:00,8.718548893111095
2012-09-26 03:00:00,6.690847382213075
2012-09-26 04:00:00,8.094772806916481
2012-09-26 05:00:00,42.307137698491914
2012-09-26 06:00:00,182.8123484396272
2012-09-26 07:00:00,468.78959631187246
2012-09-26 08:00:00,762.9930270609005
2012-09-26 09:00:00,362.1990738025883
2012-09-26 10:00:00,230.04364563319655
2012-09-26 11:00:00,247.47385786109018
2012-09-26 12:00:00,312.7630058760388
2012-09-26 13:00:00,303.39234192752133
2012-09-26 14:00:00,276.0389973908174
2012-09-26 15:00:00,295.73794559637116
2012-09-26 16:00:00,458.78928241078995
2012-09-26 17:00:00,745.6412362258658
2012-09-26 18:00:00,713.3678569699662
2012-09-26 19:00:00,596.239797500577
2012-09-26 20:00:00,436.3592077594894
2012-09-26 21:00:00,340.39854764908466
2012-09-26 22:00:00,167.1333606817677
2012-09-26 23:00:00,107.07170953581823
2012-09-27 00:00:00,63.222532544496175
2012-09-27 01:00:00,25.90447380093775
2012-09-27 02:00:00,13.179028057690715
2012-09-27 03:00:00,9.23664409829765
2012-09-27 04:00:00,7.988235010698132
2012-09-27 05:00:00,36.20434061023135
2012-09-27 06:00:00,178.77274295271863
2012-09-27 07:00:00,478.65432513253626
2012-09-27 08:00:00,751.533522685259
2012-09-27 09:00:00,374.1515527332423
2012-09-27 10:00:00,232.88594869249638
2012-09-27 11:00:00,257.32714307526663
2012-09-27 12:00:00,319.47087316990434
2012-09-27 13:00:00,316.2304312702959
2012-09-27 14:00:00,282.5911539825694
2012-09-27 15:00:00,308.6419849750021
2012-09-27 16:00:00,461.2481681019678
2012-09-27 17:00:00,683.6115577548834
2012-09-27 18:00:00,668.9586198309803
2012-09-27 19:00:00,559.9828250744314
2012-09-27 20:00:00,370.1043484908116
2012-09-27 21:00:00,158.5727791884701
2012-09-27 22:00:00,121.17632606818233
2012-09-27 23:00:00,96.98402215719197
2012-09-28 00:00:00,57.59004172827101
2012-09-28 01:00:00,26.06115804116969
2012-09-28 02:00:00,11.878963817226241
2012-09-28 03:00:00,7.635213758208925
2012-09-28 04:00:00,6.707283776232659
2012-09-28 05:00:00,36.87961230211388
2012-09-28 06:00:00,146.63691134714696
2012-09-28 07:00:00,348.6481090021548
2012-09-28 08:00:00,586.6488399496894
2012-09-28 09:00:00,326.195278481984
2012-09-28 10:00:00,227.61055150409626
2012-09-28 11:00:00,302.28814613689923
2012-09-28 12:00:00,404.665128549639
2012-09-28 13:00:00,397.00032863398894
2012-09-28 14:00:00,359.8650817797998
2012-09-28 15:00:00,390.1739562527611
2012-09-28 16:00:00,543.5175592125395
2012-09-28 17:00:00,731.451485312381
2012-09-28 18:00:00,685.2353589913484
2012-09-28 19:00:00,457.9185608783993
2012-09-28 20:00:00,345.46013139393773
2012-09-28 21:00:00,277.08525866978994
2012-09-28 22:00:00,206.99706941103554
2012-09-28 23:00:00,168.12086336942008
2012-09-29 00:00:00,173.43443040735815
2012-09-29 01:00:00,126.36572493401444
2012-09-29 02:00:00,67.83872262493725
2012-09-29 03:00:00,31.917416402922804
2012-09-29 04:00:00,12.86297196888266
2012-09-29 05:00:00,14.847535410660909
2012-09-29 06:00:00,33.541702052442076
2012-09-29 07:00:00,118.87520626426486
2012-09-29 08:00:00,218.78335593467006
2012-09-29 09:00:00,319.65635590477774
2012-09-29 10:00:00,423.81888783298484
2012-09-29 11:00:00,525.4479615523488
2012-09-29 12:00:00,716.5119625696516
2012-09-29 13:00:00,716.0880050979036
2012-09-29 14:00:00,661.9152311898225
2012-09-29 15:00:00,653.9041399879113
2012-09-29 16:00:00,670.1876444033493
2012-09-29 17:00:00,648.565075171092
2012-09-29 18:00:00,501.8052207762858
2012-09-29 19:00:00,421.3082383113264
2012-09-29 20:00:00,344.38266124302373
2012-09-29 21:00:00,279.323855047416
2012-09-29 22:00:00,207.8100081492539
2012-09-29 23:00:00,195.13640741839072
2012-09-30 00:00:00,176.84863420890179
2012-09-30 01:00:00,119.98078717913081
2012-09-30 02:00:00,71.03827626483624
2012-09-30 03:00:00,32.28970181005292
2012-09-30 04:00:00,11.817460752760034
2012-09-30 05:00:00,11.089065242894561
2012-09-30 06:00:00,21.019078531346597
2012-09-30 07:00:00,63.97097654937866
2012-09-30 08:00:00,139.7425880203923
2012-09-30 09:00:00,294.7225755396669
2012-09-30 10:00:00,431.7721218684817
2012-09-30 11:00:00,565.3775608264925
2012-09-30 12:00:00,698.9270632926832
2012-09-30 13:00:00,695.3113360141772
2012-09-30 14:00:00,633.3177386263403
2012-09-30 15:00:00,654.4294962399871
2012-09-30 16:00:00,642.1430735733012
2012-09-30 17:00:00,586.7422792241679
2012-09-30 18:00:00,420.2110269370528
2012-09-30 19:00:00,197.55645231661242
2012-09-30 20:00:00,152.882971639241
2012-09-30 21:00:00,164.7077808172162
2012-09-30 22:00:00,120.90643447820953
2012-09-30 23:00:00,82.5627808517328
2012-10-20 00:00:00,183.69619297585984
2012-10-20 01:00:00,121.19398517117054
2012-10-20 02:00:00,74.98280972298775
2012-10-20 03:00:00,32.446223501387
2012-10-20 04:00:00,11.375453498149103
2012-10-20 05:00:00,12.106368342048768
2012-10-20 06:00:00,30.40467194287602
2012-10-20 07:00:00,103.4183388885733
2012-10-20 08:00:00,220.2422835857753
2012-10-20 09:00:00,318.9326566093554
2012-10-20 10:00:00,435.063846576456
2012-10-20 11:00:00,497.26169526570527
2012-10-20 12:00:00,626.8629589676566
2012-10-20 13:00:00,618.4260437148309
2012-10-20 14:00:00,576.4963669487322
2012-10-20 15:00:00,579.8242671538077
2012-10-20 16:00:00,626.813633880555
2012-10-20 17:00:00,555.4496888635625
2012-10-20 18:00:00,477.07489104560375
2012-10-20 19:00:00,351.94054633149517
2012-10-20 20:00:00,287.51489815699006
2012-10-20 21:00:00,215.6867242111765
2012-10-20 22:00:00,169.75535877038408
2012-10-20 23:00:00,156.71908936503436
2012-10-21 00:00:00,159.87693193722583
2012-10-21 01:00:00,108.15145707594074
2012-10-21 02:00:00,68.71034339404993
2012-10-21 03:00:00,32.61425743610889
2012-10-21 04:00:00,11.833348946502534
2012-10-21 05:00:00,8.853481724660567
2012-10-21 06:00:00,16.327454292746538
2012-10-21 07:00:00,58.80795892591474
2012-10-21 08:00:00,130.25122960300854
2012-10-21 09:00:00,264.94205203133384
2012-10-21 10:00:00,381.92015070275244
2012-10-21 11:00:00,505.6898562902952
2012-10-21 12:00:00,584.1895011187321
2012-10-21 13:00:00,583.829668421358
2012-10-21 14:00:00,551.0045885214587
2012-10-21 15:00:00,550.465389281778
2012-10-21 16:00:00,567.744206498812
2012-10-21 17:00:00,484.71734568115727
2012-10-21 18:00:00,430.0203603197667
2012-10-21 19:00:00,292.07414131012655
2012-10-21 20:00:00,190.7462368587961
2012-10-21 21:00:00,143.91850661294808
2012-10-21 22:00:00,115.78833182286058
2012-10-21 23:00:00,68.76713840216551
2012-10-22 00:00:00,35.01577914575504
2012-10-22 01:00:00,11.621945646246028
2012-10-22 02:00:00,5.731015845771832
2012-10-22 03:00:00,4.67984137975012
2012-10-22 04:00:00,5.671877083763425
2012-10-22 05:00:00,38.112982853320176
2012-10-22 06:00:00,161.08449371420141
2012-10-22 07:00:00,420.7735009590045
2012-10-22 08:00:00,668.6039122403904
2012-10-22 09:00:00,341.69644087552484
2012-10-22 10:00:00,214.94328628275412
2012-10-22 11:00:00,244.67430865667816
2012-10-22 12:00:00,312.03358405791704
2012-10-22 13:00:00,304.9044417763841
2012-10-22 14:00:00,262.5794925401996
2012-10-22 15:00:00,299.125889189543
2012-10-22 16:00:00,485.494846530854
2012-10-22 17:00:00,761.6512469278109
2012-10-22 18:00:00,662.883846388394
2012-10-22 19:00:00,520.601831975679
2012-10-22 20:00:00,358.6993894062654
2012-10-22 21:00:00,238.92806367967006
2012-10-22 22:00:00,165.36904576047684
2012-10-22 23:00:00,99.52889456967102
2012-10-23 00:00:00,39.81918267231726
2012-10-23 01:00:00,16.95289732438527
2012-10-23 02:00:00,6.465794055937398
2012-10-23 03:00:00,5.299831659772831
2012-10-23 04:00:00,7.127364888058953
2012-10-23 05:00:00,42.48036777118636
2012-10-23 06:00:00,175.1124612818649
2012-10-23 07:00:00,425.0157542275054
2012-10-23 08:00:00,717.2534014372275
2012-10-23 09:00:00,350.06120724161445
2012-10-23 10:00:00,219.85480551552854
2012-10-23 11:00:00,246.70005026446262
2012-10-23 12:00:00,311.0269753644093
2012-10-23 13:00:00,312.62684946924963
2012-10-23 14:00:00,287.590630094042
2012-10-23 15:00:00,305.26618064906086
2012-10-23 16:00:00,475.0950000281123
2012-10-23 17:00:00,747.8955794416258
2012-10-23 18:00:00,724.0872959661118
2012-10-23 19:00:00,586.8261458194435
2012-10-23 20:00:00,416.8745207378979
2012-10-23 21:00:00,282.48514616481964
2012-10-23 22:00:00,193.20166380152014
2012-10-23 23:00:00,118.53426694409205
2012-10-24 00:00:00,52.12503413342068
2012-10-24 01:00:00,16.609510669173282
2012-10-24 02:00:00,7.663891284675694
2012-10-24 03:00:00,7.288745306252922
2012-10-24 04:00:00,8.245635988296645
2012-10-24 05:00:00,40.1194279721761
2012-10-24 06:00:00,181.89023190683812
2012-10-24 07:00:00,459.736253907298
2012-10-24 08:00:00,682.7798777912163
2012-10-24 09:00:00,327.14926324867935
2012-10-24 10:00:00,202.12662280299847
2012-10-24 11:00:00,250.48004611927664
2012-10-24 12:00:00,315.8127075452987
2012-10-24 13:00:00,314.0042964639408
2012-10-24 14:00:00,280.8128080750971
2012-10-24 15:00:00,322.265603743506
2012-10-24 16:00:00,498.46551864446735
2012-10-24 17:00:00,749.8219780942767
2012-10-24 18:00:00,735.9309740605455
2012-10-24 19:00:00,585.578853286543
2012-10-24 20:00:00,416.4049960328525
2012-10-24 21:00:00,317.36033193748546
2012-10-24 22:00:00,221.5932376633218
2012-10-24 23:00:00,118.60638770255602
2012-10-25 00:00:00,56.042715435415325
2012-10-25 01:00:00,22.522100288105833
2012-10-25 02:00:00,12.114792517475625
2012-10-25 03:00:00,6.53123604016895
2012-10-25 04:00:00,7.291553681206048
2012-10-25 05:00:00,35.245693005286846
2012-10-25 06:00:00,160.62723357860528
2012-10-25 07:00:00,425.70080597203497
2012-10-25 08:00:00,698.0563645744683
2012-10-25 09:00:00,330.43163383322684
2012-10-25 10:00:00,183.44102139610405
2012-10-25 11:00:00,190.71071778258624
2012-10-25 12:00:00,251.49356695457197
2012-10-25 13:00:00,244.93651360033303
2012-10-25 14:00:00,272.8739030781818
2012-10-25 15:00:00,311.2138920938964
2012-10-25 16:00:00,452.24970131490227
2012-10-25 17:00:00,674.9878173541365
2012-10-25 18:00:00,489.97553600559263
2012-10-25 19:00:00,397.60703372649755
2012-10-25 20:00:00,259.0206624319157
2012-10-25 21:00:00,216.66984583698832
2012-10-25 22:00:00,175.12065569926446
2012-10-25 23:00:00,116.34567573201639
2012-10-26 00:00:00,80.88674170392719
2012-10-26 01:00:00,29.267224337294703
2012-10-26 02:00:00,12.35447506528948
2012-10-26 03:00:00,7.72091596668697
2012-10-26 04:00:00,7.985988147543631
2012-10-26 05:00:00,34.18948236132849
2012-10-26 06:00:00,163.36765563344602
2012-10-26 07:00:00,385.4981493618421
2012-10-26 08:00:00,576.0380679521936
2012-10-26 09:00:00,334.74826709164824
2012-10-26 10:00:00,196.8299858786078
2012-10-26 11:00:00,263.09498628215795
2012-10-26 12:00:00,328.8486788655611
2012-10-26 13:00:00,339.083767576565
2012-10-26 14:00:00,337.4864732251353
2012-10-26 15:00:00,371.4791918901875
2012-10-26 16:00:00,457.5904550773173
2012-10-26 17:00:00,548.4319150253667
2012-10-26 18:00:00,513.3254725706272
2012-10-26 19:00:00,336.32621473021504
2012-10-26 20:00:00,246.80516600842068
2012-10-26 21:00:00,231.98634049840047
2012-10-26 22:00:00,183.64565863417042
2012-10-26 23:00:00,211.05161474199204
2012-10-27 00:00:00,174.19243045152749
2012-10-27 01:00:00,105.64900120188587
2012-10-27 02:00:00,55.02553894234719
2012-10-27 03:00:00,31.903079673512615
2012-10-27 04:00:00,11.89489764626996
2012-10-27 05:00:00,12.407225956551866
2012-10-27 06:00:00,30.133530723262336
2012-10-27 07:00:00,96.58998014339686
2012-10-27 08:00:00,198.03962590803746
2012-10-27 09:00:00,261.7787537184913
2012-10-27 10:00:00,398.2290191658583
2012-10-27 11:00:00,523.1968038607405
2012-10-27 12:00:00,708.6743624889154
2012-10-27 13:00:00,716.0503731217655
2012-10-27 14:00:00,651.740217252878
2012-10-27 15:00:00,518.0564267597696
2012-10-27 16:00:00,572.6917451815286
2012-10-27 17:00:00,527.8375338653166
2012-10-27 18:00:00,463.5242984641556
2012-10-27 19:00:00,346.93630030851733
2012-10-27 20:00:00,277.8056690429077
2012-10-27 21:00:00,214.98753698110764
2012-10-27 22:00:00,182.33544227947445
2012-10-27 23:00:00,157.187526799074
2012-10-28 00:00:00,113.17417005047682
2012-10-28 01:00:00,100.91181316564503
2012-10-28 02:00:00,69.29976777136409
2012-10-28 03:00:00,32.84030077290078
2012-10-28 04:00:00,11.874389538531357
2012-10-28 05:00:00,12.554982487634147
2012-10-28 06:00:00,21.757948018128502
2012-10-28 07:00:00,75.73451908310848
2012-10-28 08:00:00,146.75215405115523
2012-10-28 09:00:00,258.7381811600523
2012-10-28 10:00:00,356.9412393725953
2012-10-28 11:00:00,428.27801047500634
2012-10-28 12:00:00,446.36143400162837
2012-10-28 13:00:00,445.7265059041423
2012-10-28 14:00:00,459.19914883864095
2012-10-28 15:00:00,415.2683358149054
2012-10-28 16:00:00,326.6100664273606
2012-10-28 17:00:00,211.14039389091238
2012-10-28 18:00:00,118.99350440606992
2012-10-28 19:00:00,113.05133181300849
2012-10-28 20:00:00,74.48964849243369
2012-10-28 21:00:00,76.83675843771796
2012-10-28 22:00:00,64.16102009252484
2012-10-28 23:00:00,52.26533097941768
2012-10-29 00:00:00,22.72779291656782
2012-10-30 13:00:00,80.7671200103721
2012-10-30 14:00:00,70.94612023374502
2012-10-30 15:00:00,87.44223834432748
2012-10-30 16:00:00,125.24693198305748
2012-10-30 17:00:00,231.27738678836778
2012-10-30 18:00:00,267.6519288426466
2012-10-30 19:00:00,472.4978231127195
2012-10-30 20:00:00,197.7057663638589
2012-10-30 21:00:00,164.147681669223
2012-10-30 22:00:00,144.62983240166997
2012-10-30 23:00:00,85.8280639477407
2012-10-31 00:00:00,34.61523181515598
2012-10-31 01:00:00,14.541784758687221
2012-10-31 02:00:00,6.036926341573506
2012-10-31 03:00:00,5.030633622333849
2012-10-31 04:00:00,5.2703223748355565
2012-10-31 05:00:00,34.8508170308549
2012-10-31 06:00:00,154.56842536431552
2012-10-31 07:00:00,392.6870613157443
2012-10-31 08:00:00,719.4066036017987
2012-10-31 09:00:00,285.9436096854565
2012-10-31 10:00:00,179.7400343163377
2012-10-31 11:00:00,196.7945591180816
2012-10-31 12:00:00,257.07607322871013
2012-10-31 13:00:00,255.67724979878938
2012-10-31 14:00:00,218.14061904356691
2012-10-31 15:00:00,261.07673510033345
2012-10-31 16:00:00,346.4577647683442
2012-10-31 17:00:00,597.7752000220206
2012-10-31 18:00:00,565.8764086048593
2012-10-31 19:00:00,414.85541360518476
2012-10-31 20:00:00,281.7714305796867
2012-10-31 21:00:00,201.88568351112937
2012-10-31 22:00:00,157.92895014260634
2012-10-31 23:00:00,95.03006022472161
2012-11-20 00:00:00,28.14904138539278
2012-11-20 01:00:00,10.50106714145915
2012-11-20 02:00:00,5.238968102851984
2012-11-20 03:00:00,3.9245728587515423
2012-11-20 04:00:00,5.765038462847289
2012-11-20 05:00:00,37.16925879404138
2012-11-20 06:00:00,146.73871490402635
2012-11-20 07:00:00,372.36047037299886
2012-11-20 08:00:00,703.7983879431612
2012-11-20 09:00:00,308.83616343293977
2012-11-20 10:00:00,191.56073146995044
2012-11-20 11:00:00,207.9360585447546
2012-11-20 12:00:00,248.17937170452865
2012-11-20 13:00:00,251.59284020626365
2012-11-20 14:00:00,222.0549093828298
2012-11-20 15:00:00,257.41902883921404
2012-11-20 16:00:00,367.39374972435587
2012-11-20 17:00:00,623.37265693878
2012-11-20 18:00:00,571.9200604384664
2012-11-20 19:00:00,418.8522677908557
2012-11-20 20:00:00,252.52066843966267
2012-11-20 21:00:00,196.36790706326107
2012-11-20 22:00:00,153.82098637275624
2012-11-20 23:00:00,82.92515106356072
2012-11-21 00:00:00,37.28747402606391
2012-11-21 01:00:00,15.03690381242178
2012-11-21 02:00:00,6.5853434663721675
2012-11-21 03:00:00,4.939129273498164
2012-11-21 04:00:00,5.659392413103321
2012-11-21 05:00:00,33.031840759021044
2012-11-21 06:00:00,157.76683840175014
2012-11-21 07:00:00,398.13214793625355
2012-11-21 08:00:00,694.7227321960614
2012-11-21 09:00:00,291.68355004875315
2012-11-21 10:00:00,199.01924281922584
2012-11-21 11:00:00,206.257047525252
2012-11-21 12:00:00,265.6694682330552
2012-11-21 13:00:00,264.7498765492965
2012-11-21 14:00:00,244.79245944523518
2012-11-21 15:00:00,273.6461132373232
2012-11-21 16:00:00,370.4410094091441
2012-11-21 17:00:00,607.3137480610852
2012-11-21 18:00:00,599.2270625436281
2012-11-21 19:00:00,423.0039336309393
2012-11-21 20:00:00,285.8769509622928
2012-11-21 21:00:00,197.5962432685167
2012-11-21 22:00:00,153.31387288205437
2012-11-21 23:00:00,90.36293053120805
2012-11-22 00:00:00,54.15825806734306
2012-11-22 01:00:00,35.43764821292323
2012-11-22 02:00:00,18.16652373858196
2012-11-22 03:00:00,7.590061941039403
2012-11-22 04:00:00,8.52419056989414
2012-11-22 05:00:00,17.202450886699992
2012-11-22 06:00:00,36.77603023570389
2012-11-22 07:00:00,71.17995365117858
2012-11-22 08:00:00,169.6269950013384
2012-11-22 09:00:00,241.68180768083045
2012-11-22 10:00:00,290.6810988891458
2012-11-22 11:00:00,349.92727058937294
2012-11-22 12:00:00,394.7419110381061
2012-11-22 13:00:00,391.70193357496504
2012-11-22 14:00:00,383.6665397075186
2012-11-22 15:00:00,373.30875959123154
2012-11-22 16:00:00,455.3958921145387
2012-11-22 17:00:00,439.0208510899362
2012-11-22 18:00:00,392.7160359724187
2012-11-22 19:00:00,294.0250212296416
2012-11-22 20:00:00,271.2155687035419
2012-11-22 21:00:00,181.96530048025562
2012-11-22 22:00:00,146.96650185068387
2012-11-22 23:00:00,120.14939158246598
2012-11-23 00:00:00,61.74134124063899
2012-11-23 01:00:00,31.03778614206258
2012-11-23 02:00:00,11.160343755350913
2012-11-23 03:00:00,6.009085698601366
2012-11-23 04:00:00,5.853662291108509
2012-11-23 05:00:00,29.461586924123928
2012-11-23 06:00:00,139.46413857878707
2012-11-23 07:00:00,344.2988230215955
2012-11-23 08:00:00,661.9049271023155
2012-11-23 09:00:00,335.406618111672
2012-11-23 10:00:00,208.6364892464034
2012-11-23 11:00:00,248.25873137328665
2012-11-23 12:00:00,318.04799279340864
2012-11-23 13:00:00,333.0310945514845
2012-11-23 14:00:00,318.024612783487
2012-11-23 15:00:00,338.1919112029868
2012-11-23 16:00:00,465.3154824862571
2012-11-23 17:00:00,651.7404883937475
2012-11-23 18:00:00,563.9341824982944
2012-11-23 19:00:00,405.0473839232155
2012-11-23 20:00:00,289.9106479687635
2012-11-23 21:00:00,221.13671807449992
2012-11-23 22:00:00,156.84099581744704
2012-11-23 23:00:00,136.56661256924457
2012-11-24 00:00:00,145.3851540693338
2012-11-24 01:00:00,100.73727475650306
2012-11-24 02:00:00,48.411292043867626
2012-11-24 03:00:00,22.965469647011652
2012-11-24 04:00:00,7.890613073765156
2012-11-24 05:00:00,7.310794303317424
2012-11-24 06:00:00,20.026854114368085
2012-11-24 07:00:00,58.36494587541071
2012-11-24 08:00:00,137.84612066083196
2012-11-24 09:00:00,228.1180851468773
2012-11-24 10:00:00,308.09693270983934
2012-11-24 11:00:00,358.7550302825845
2012-11-24 12:00:00,362.60968037196034
2012-11-24 13:00:00,426.8194872333521
2012-11-24 14:00:00,417.1682178524214
2012-11-24 15:00:00,378.71570183881516
2012-11-24 16:00:00,416.9627904264234
2012-11-24 17:00:00,319.3541030848895
2012-11-24 18:00:00,265.2929605029487
2012-11-24 19:00:00,210.10234674743828
2012-11-24 20:00:00,159.92948092614645
2012-11-24 21:00:00,124.50324464446989
2012-11-24 22:00:00,111.08852614161002
2012-11-24 23:00:00,109.08169335247915
2012-11-25 00:00:00,114.72235233187907
2012-11-25 01:00:00,97.78067520065103
2012-11-25 02:00:00,54.42912178580284
2012-11-25 03:00:00,27.638296285719683
2012-11-25 04:00:00,9.59271610594197
2012-11-25 05:00:00,6.953236676876153
2012-11-25 06:00:00,12.55873254646241
2012-11-25 07:00:00,30.79683887661878
2012-11-25 08:00:00,78.7756763035326
2012-11-25 09:00:00,176.77839573903174
2012-11-25 10:00:00,270.2536391445239
2012-11-25 11:00:00,325.7275779355558
2012-11-25 12:00:00,373.78932466018193
2012-11-25 13:00:00,365.55115078645673
2012-11-25 14:00:00,377.11029604961305
2012-11-25 15:00:00,379.44754483126763
2012-11-25 16:00:00,359.4825111054912
2012-11-25 17:00:00,300.97120414888974
2012-11-25 18:00:00,226.1299788506802
2012-11-25 19:00:00,167.95825185081426
2012-11-25 20:00:00,117.94388269758267
2012-11-25 21:00:00,96.25209793036925
2012-11-25 22:00:00,81.15666162862247
2012-11-25 23:00:00,52.20988831692663
2012-11-26 00:00:00,22.000082058974293
2012-11-26 01:00:00,8.778541899596041
2012-11-26 02:00:00,4.413003701928552
2012-11-26 03:00:00,3.441415908763143
2012-11-26 04:00:00,4.949042140199841
2012-11-26 05:00:00,31.04571651802479
2012-11-26 06:00:00,139.13424208406437
2012-11-26 07:00:00,381.151109525605
2012-11-26 08:00:00,703.6248527619354
2012-11-26 09:00:00,333.82645306965765
2012-11-26 10:00:00,184.7222759661332
2012-11-26 11:00:00,207.77309341760176
2012-11-26 12:00:00,279.1907312630848
2012-11-26 13:00:00,276.78558354442436
2012-11-26 14:00:00,246.1201887825464
2012-11-26 15:00:00,269.86005086251345
2012-11-26 16:00:00,359.3495509667651
2012-11-26 17:00:00,666.1977411011778
2012-11-26 18:00:00,540.8772689183633
2012-11-26 19:00:00,404.8948397545428
2012-11-26 20:00:00,284.8856289507442
2012-11-26 21:00:00,186.52104493240213
2012-11-26 22:00:00,134.019264076716
2012-11-26 23:00:00,71.52172370813815
2012-11-27 00:00:00,24.03277604431947
2012-11-27 01:00:00,11.252082030606708
2012-11-27 02:00:00,5.20988483575228
2012-11-27 03:00:00,2.791670510083197
2012-11-27 04:00:00,3.9944096157362923
2012-11-27 05:00:00,34.471065982209794
2012-11-27 06:00:00,144.37859102755985
2012-11-27 07:00:00,191.11647698591204
2012-11-27 08:00:00,296.8631903791351
2012-11-27 09:00:00,292.1719296832239
2012-11-27 10:00:00,69.483146039165
2012-11-27 11:00:00,62.36333721467344
2012-11-27 12:00:00,72.04729466661956
2012-11-27 13:00:00,94.29020034207254
2012-11-27 14:00:00,65.56195544512154
2012-11-27 15:00:00,176.2323763395448
2012-11-27 16:00:00,240.07972938979697
2012-11-27 17:00:00,431.96075659526105
2012-11-27 18:00:00,290.0183612927587
2012-11-27 19:00:00,317.64754649018016
2012-11-27 20:00:00,191.85153342405368
2012-11-27 21:00:00,126.5162088943805
2012-11-27 22:00:00,132.32544239808084
2012-11-27 23:00:00,67.15889620946643
2012-11-28 00:00:00,34.450907369757125
2012-11-28 01:00:00,14.575806901111399
2012-11-28 02:00:00,7.175129140916088
2012-11-28 03:00:00,5.06482795357666
2012-11-28 04:00:00,5.508130027986587
2012-11-28 05:00:00,32.52288221548978
2012-11-28 06:00:00,143.25723046138918
2012-11-28 07:00:00,402.2117661973608
2012-11-28 08:00:00,678.4047837857389
2012-11-28 09:00:00,351.2721972571815
2012-11-28 10:00:00,168.62436215477143
2012-11-28 11:00:00,198.9472405745863
2012-11-28 12:00:00,234.37515123421957
2012-11-28 13:00:00,243.72470729384284
2012-11-28 14:00:00,208.4917280267928
2012-11-28 15:00:00,232.4655510967023
2012-11-28 16:00:00,308.98822561732095
2012-11-28 17:00:00,565.7267991604747
2012-11-28 18:00:00,496.4678508295192
2012-11-28 19:00:00,371.9909070257327
2012-11-28 20:00:00,274.08503252704475
2012-11-28 21:00:00,184.2519662128866
2012-11-28 22:00:00,130.56383167240853
2012-11-28 23:00:00,76.53245744652173
2012-11-29 00:00:00,35.73279548252462
2012-11-29 01:00:00,14.297935742092271
2012-11-29 02:00:00,6.516085634059729
2012-11-29 04:00:00,5.520556098355053
2012-11-29 05:00:00,30.777293722252054
2012-11-29 06:00:00,142.66325323946265
2012-11-29 07:00:00,389.80080496043905
2012-11-29 08:00:00,774.981114049092
2012-11-29 09:00:00,371.4390066750006
2012-11-29 10:00:00,175.59747760282244
2012-11-29 11:00:00,212.494915352997
2012-11-29 12:00:00,259.2420611850506
2012-11-29 13:00:00,274.77775565284617
2012-11-29 14:00:00,222.3848793989093
2012-11-29 15:00:00,241.26877623642505
2012-11-29 16:00:00,336.60140520621826
2012-11-29 17:00:00,589.7539535505458
2012-11-29 18:00:00,503.8771316627784
2012-11-29 19:00:00,348.58065647655815
2012-11-29 20:00:00,247.0304392393963
2012-11-29 21:00:00,167.72649814721262
2012-11-29 22:00:00,148.2553827157515
2012-11-29 23:00:00,120.48808441696119
2012-11-30 00:00:00,51.66202883770813
2012-11-30 01:00:00,24.583164827868604
2012-11-30 02:00:00,10.526180617210123
2012-11-30 03:00:00,5.880867561037597
2012-11-30 04:00:00,5.863385687911345
2012-11-30 05:00:00,29.73993101817468
2012-11-30 06:00:00,140.33880718278402
2012-11-30 07:00:00,331.05530025299936
2012-11-30 08:00:00,585.3502200920672
2012-11-30 09:00:00,344.003132809951
2012-11-30 10:00:00,185.08970066153483
2012-11-30 11:00:00,236.5296601479414
2012-11-30 12:00:00,298.9548423093671
2012-11-30 13:00:00,309.5541855545916
2012-11-30 14:00:00,270.12824705367694
2012-11-30 15:00:00,303.41408048874223
2012-11-30 16:00:00,401.5244415859417
2012-11-30 17:00:00,557.1359426106277
2012-11-30 18:00:00,503.14269989363817
2012-11-30 19:00:00,358.66892593703267
2012-11-30 20:00:00,252.46654189349846
2012-11-30 21:00:00,175.62108921649875
2012-11-30 22:00:00,164.85291517158882
2012-11-30 23:00:00,117.05451800965514
2012-12-20 00:00:00,41.49030674544951
2012-12-20 01:00:00,14.103026788319019
2012-12-20 02:00:00,6.512028084191788
2012-12-20 03:00:00,5.151992835073178
2012-12-20 04:00:00,5.590716549331131
2012-12-20 05:00:00,32.74591649628569
2012-12-20 06:00:00,136.76442188263434
2012-12-20 07:00:00,382.46114699800614
2012-12-20 08:00:00,702.0228953731178
2012-12-20 09:00:00,312.44776733177366
2012-12-20 10:00:00,186.50061778611612
2012-12-20 11:00:00,195.5687451873836
2012-12-20 12:00:00,251.418154031855
2012-12-20 13:00:00,242.6931291843614
2012-12-20 14:00:00,215.43569462332266
2012-12-20 15:00:00,235.14339968519553
2012-12-20 16:00:00,292.32553447267486
2012-12-20 17:00:00,581.1930122847001
2012-12-20 18:00:00,542.6745471220665
2012-12-20 19:00:00,223.66812138273204
2012-12-20 20:00:00,147.0413627780644
2012-12-20 21:00:00,116.74548937177454
2012-12-20 22:00:00,73.25217703442341
2012-12-20 23:00:00,58.9393531238121
2012-12-21 00:00:00,18.253007918130354
2012-12-21 01:00:00,9.953595083002476
2012-12-21 02:00:00,6.683698054368909
2012-12-21 03:00:00,2.402220325977021
2012-12-21 04:00:00,3.79709512000359
2012-12-21 05:00:00,20.234169230172675
2012-12-21 06:00:00,84.81826960229574
2012-12-21 07:00:00,229.88533708970957
2012-12-21 08:00:00,425.3428015913235
2012-12-21 09:00:00,232.57233867903636
2012-12-21 10:00:00,148.03866479254734
2012-12-21 11:00:00,164.73369833827334
2012-12-21 12:00:00,183.9347817092345
2012-12-21 13:00:00,185.1784116906643
2012-12-21 14:00:00,162.97686864917026
2012-12-21 15:00:00,163.16409843658803
2012-12-21 16:00:00,203.1149121994262
2012-12-21 17:00:00,313.417548569758
2012-12-21 18:00:00,282.9048237732931
2012-12-21 19:00:00,196.79764459666208
2012-12-21 20:00:00,127.72759816216535
2012-12-21 21:00:00,120.25844929308477
2012-12-21 22:00:00,97.67946195848062
2012-12-21 23:00:00,76.64014738323463
2012-12-22 00:00:00,63.68626916713265
2012-12-22 01:00:00,52.55125367969951
2012-12-22 02:00:00,39.65728964337182
2012-12-22 03:00:00,17.791353849503587
2012-12-22 04:00:00,5.251746112409422
2012-12-22 05:00:00,4.510789660198681
2012-12-22 06:00:00,8.216881901868636
2012-12-22 07:00:00,34.90392721682719
2012-12-22 08:00:00,84.17186038971963
2012-12-22 09:00:00,132.32227043604536
2012-12-22 10:00:00,183.35925448677102
2012-12-22 11:00:00,212.7241126381392
2012-12-22 12:00:00,228.90580598061177
2012-12-22 13:00:00,272.3518340615723
2012-12-22 14:00:00,274.38656991215095
2012-12-22 15:00:00,240.2664269151088
2012-12-22 16:00:00,235.81275124798688
2012-12-22 17:00:00,192.01811001464515
2012-12-22 18:00:00,183.18558835400378
2012-12-22 19:00:00,132.46620635135898
2012-12-22 20:00:00,106.0936227496362
2012-12-22 21:00:00,91.45233666905914
2012-12-22 22:00:00,77.75852415040794
2012-12-22 23:00:00,61.81510825679159
2012-12-23 00:00:00,63.15631061158278
2012-12-23 01:00:00,53.29073311141461
2012-12-23 02:00:00,44.98283709371457
2012-12-23 03:00:00,23.692915593241526
2012-12-23 04:00:00,6.849381188058816
2012-12-23 05:00:00,4.354830937135583
2012-12-23 06:00:00,4.102225144027505
2012-12-23 07:00:00,16.43679166410363
2012-12-23 08:00:00,43.04626555825913
2012-12-23 09:00:00,115.5070400905524
2012-12-23 10:00:00,177.82843173642453
2012-12-23 11:00:00,203.13615598473163
2012-12-23 12:00:00,269.39705695680186
2012-12-23 13:00:00,279.44604961650373
2012-12-23 14:00:00,319.6908851343905
2012-12-23 15:00:00,310.66904155440227
2012-12-23 16:00:00,299.02645037227086
2012-12-23 17:00:00,190.57736039675953
2012-12-23 18:00:00,157.27439929900135
2012-12-23 19:00:00,122.34782755288339
2012-12-23 20:00:00,82.77857604807471
2012-12-23 21:00:00,75.91105336814773
2012-12-23 22:00:00,62.87674391026427
2012-12-23 23:00:00,42.61059836666782
2012-12-24 00:00:00,13.742039412376327
2012-12-24 01:00:00,5.574855161445302
2012-12-24 02:00:00,3.9329356939210056
2012-12-24 03:00:00,2.5649524056470816
2012-12-24 05:00:00,14.470172923719048
2012-12-24 06:00:00,99.02871514196269
2012-12-24 07:00:00,239.00340871977983
2012-12-24 08:00:00,475.8925560202489
2012-12-24 09:00:00,223.55137536154945
2012-12-24 10:00:00,90.83299381824291
2012-12-24 11:00:00,108.85910791669383
2012-12-24 12:00:00,129.30445731292033
2012-12-24 13:00:00,60.86983152766287
2012-12-24 14:00:00,47.90253544205454
2012-12-24 15:00:00,54.625614451602566
2012-12-24 16:00:00,85.41540303343027
2012-12-24 17:00:00,254.8971691901732
2012-12-24 18:00:00,185.67629419386836
2012-12-24 19:00:00,221.38171604093856
2012-12-24 20:00:00,123.10163116359928
2012-12-24 21:00:00,62.729764014434565
2012-12-24 22:00:00,69.06785576198085
2012-12-24 23:00:00,28.421746961027722
2012-12-25 00:00:00,17.323536229185127
2012-12-25 01:00:00,18.373821973020295
2012-12-25 02:00:00,12.430844750135089
2012-12-25 04:00:00,3.4713302500345353
2012-12-25 05:00:00,10.862395887914525
2012-12-25 06:00:00,14.0188134163111
2012-12-25 07:00:00,41.737536736902754
2012-12-25 08:00:00,105.70278109301958
2012-12-25 09:00:00,123.08604228677561
2012-12-25 10:00:00,166.02652515573618
2012-12-25 11:00:00,154.3577614296537
2012-12-25 12:00:00,189.19693881417763
2012-12-25 13:00:00,196.55387112884287
2012-12-25 14:00:00,200.93927524046563
2012-12-25 15:00:00,185.43801670762255
2012-12-25 16:00:00,206.20569131102778
2012-12-25 17:00:00,226.84794469963884
2012-12-25 18:00:00,207.97975686517142
2012-12-25 19:00:00,186.80971137074673
2012-12-25 20:00:00,142.1045779847882
2012-12-25 21:00:00,102.09448767630813
2012-12-25 22:00:00,84.91252193838464
2012-12-25 23:00:00,39.469758907006145
2012-12-26 00:00:00,19.547028709629025
2012-12-26 01:00:00,5.683817530718079
2012-12-26 02:00:00,3.3304788739032594
2012-12-26 03:00:00,2.392753855709341
2012-12-26 04:00:00,1.9468375148578922
2012-12-26 05:00:00,16.837043565171918
2012-12-26 06:00:00,91.92322630688294
2012-12-26 07:00:00,107.5265061056619
2012-12-26 08:00:00,196.86954474058393
2012-12-26 09:00:00,81.6012638279915
2012-12-26 10:00:00,30.362837175144925
2012-12-26 11:00:00,33.65973307652639
2012-12-26 12:00:00,30.246723459538998
2012-12-26 13:00:00,30.507139296337304
2012-12-26 14:00:00,50.367585776166486
2012-12-26 15:00:00,39.44308245402875
2012-12-26 16:00:00,55.896401467580446
2012-12-26 17:00:00,149.83335023052715
2012-12-26 18:00:00,113.60119628807703
2012-12-26 19:00:00,101.61765759844587
2012-12-26 20:00:00,61.87559680675084
2012-12-26 21:00:00,71.5498821461137
2012-12-26 22:00:00,34.72019665376153
2012-12-26 23:00:00,18.11076829523865
2012-12-27 00:00:00,11.316243002552383
2012-12-27 01:00:00,3.3250100260360105
2012-12-27 02:00:00,2.5577923010447647
2012-12-27 03:00:00,2.6423725736222496
2012-12-27 04:00:00,2.112447767678724
2012-12-27 05:00:00,18.951563922388953
2012-12-27 06:00:00,95.98011776207743
2012-12-27 07:00:00,271.5185598499068
2012-12-27 08:00:00,521.4827405634276
2012-12-27 09:00:00,272.48145190828114
2012-12-27 10:00:00,140.06849894278798
2012-12-27 11:00:00,137.3658709403916
2012-12-27 12:00:00,141.36334418214304
2012-12-27 13:00:00,140.590466571659
2012-12-27 14:00:00,121.84415237846619
2012-12-27 15:00:00,133.37926654983053
2012-12-27 16:00:00,157.36659895692839
2012-12-27 17:00:00,302.83872503498054
2012-12-27 18:00:00,300.1765570580379
2012-12-27 19:00:00,210.5776374535417
2012-12-27 20:00:00,162.70821616618102
2012-12-27 21:00:00,123.89449966873961
2012-12-27 22:00:00,88.47871007178729
2012-12-27 23:00:00,58.45273915291391
2012-12-28 00:00:00,25.584977778709003
2012-12-28 01:00:00,12.583464080469561
2012-12-28 02:00:00,7.347890216587292
2012-12-28 03:00:00,3.8698171724652983
2012-12-28 04:00:00,3.352801192580136
2012-12-28 05:00:00,18.326058626050795
2012-12-28 06:00:00,92.95492435808019
2012-12-28 07:00:00,226.45862328640288
2012-12-28 08:00:00,511.51233443394244
2012-12-28 09:00:00,238.8365963591457
2012-12-28 10:00:00,114.53248392915984
2012-12-28 11:00:00,141.17705000782055
2012-12-28 12:00:00,163.9042316196741
2012-12-28 13:00:00,161.6208352888038
2012-12-28 14:00:00,141.81091616880647
2012-12-28 15:00:00,145.30186599542571
2012-12-28 16:00:00,199.1426364477858
2012-12-28 17:00:00,295.18391556015104
2012-12-28 18:00:00,275.34361047105745
2012-12-28 19:00:00,198.8679529485283
2012-12-28 20:00:00,132.6063665824742
2012-12-28 21:00:00,115.59616359625444
2012-12-28 22:00:00,95.01561379817656
2012-12-28 23:00:00,62.88390058950927
2012-12-29 00:00:00,67.79026052865784
2012-12-29 01:00:00,57.653230463701156
2012-12-29 02:00:00,41.47970183283831
2012-12-29 03:00:00,20.979791193201592
2012-12-29 04:00:00,7.137094960156153
2012-12-29 05:00:00,5.607100284377097
2012-12-29 06:00:00,8.335928475151281
2012-12-29 07:00:00,32.68834055993699
2012-12-29 08:00:00,90.70793682354858
2012-12-29 09:00:00,146.13605630031049
2012-12-29 10:00:00,134.29369517303303
2012-12-29 11:00:00,140.05176252262362
2012-12-29 12:00:00,171.4797716885375
2012-12-29 13:00:00,172.40855469007457
2012-12-29 14:00:00,234.00437586068577
2012-12-29 15:00:00,228.88687901145033
2012-12-29 16:00:00,260.2528153471425
2012-12-29 17:00:00,220.10350387081596
2012-12-29 18:00:00,196.08777059264847
2012-12-29 19:00:00,180.44631836405972
2012-12-29 20:00:00,127.4579134474302
2012-12-29 21:00:00,107.0710372081995
2012-12-29 22:00:00,93.30486125251954
2012-12-29 23:00:00,71.82640958872226
2012-12-30 00:00:00,67.97830687341273
2012-12-30 01:00:00,59.165724922994684
2012-12-30 02:00:00,43.82567642511673
2012-12-30 03:00:00,22.495706414197628
2012-12-30 04:00:00,5.059786238783076
2012-12-30 05:00:00,3.742782806434586
2012-12-30 06:00:00,4.1830262280947865
2012-12-30 07:00:00,17.905990752289263
2012-12-30 08:00:00,46.17026734691164
2012-12-30 09:00:00,116.50172974934306
2012-12-30 10:00:00,198.46445710165185
2012-12-30 11:00:00,231.3582397769583
2012-12-30 12:00:00,247.36366085254983
2012-12-30 13:00:00,231.120174196066
2012-12-30 14:00:00,249.15627766199987
2012-12-30 15:00:00,233.10753559422474
2012-12-30 16:00:00,230.66894070767304
2012-12-30 17:00:00,181.22992076569489
2012-12-30 18:00:00,131.3971466316602
2012-12-30 19:00:00,162.3624367645236
2012-12-30 20:00:00,69.12875645745827
2012-12-30 21:00:00,62.75434908187007
2012-12-30 22:00:00,50.083333608561894
2012-12-30 23:00:00,25.29669833081028
2012-12-31 00:00:00,11.921137279459856
2012-12-31 01:00:00,5.284401807870253
2012-12-31 02:00:00,3.388019638199845
2012-12-31 03:00:00,2.2748240690934507
2012-12-31 04:00:00,2.3871266129223785
2012-12-31 05:00:00,14.438262773189521
2012-12-31 06:00:00,88.69896562232512
2012-12-31 07:00:00,218.43461001502683
2012-12-31 08:00:00,374.15842048569857
2012-12-31 09:00:00,223.23515032865444
2012-12-31 10:00:00,90.62082404989769
2012-12-31 11:00:00,102.41410901374837
2012-12-31 12:00:00,120.57802948472757
2012-12-31 13:00:00,125.02735548544335
2012-12-31 14:00:00,121.72199679653679
2012-12-31 15:00:00,135.2452371311978
2012-12-31 16:00:00,156.08384065692223
2012-12-31 17:00:00,286.7898261825883
2012-12-31 18:00:00,286.7092977663079
2012-12-31 19:00:00,212.39541685233417
2012-12-31 20:00:00,142.13242306868042
2012-12-31 21:00:00,107.60968098159883
2012-12-31 22:00:00,81.74208157131946
2012-12-31 23:00:00,39.16454527812604
